0 101
1 10
2 7
3 11
4 14
5 9
6 11
7 12
8 11
9 9
10 12
11 13
12 7
13 11
14 12
15 13
16 12
17 11
18 14
19 9
20 11
21 12
22 14
23 8
24 11
25 13
26 13
27 10
28 9
29 13
30 11
31 11
32 10
33 7
34 10
35 9
36 11
37 10
38 9
39 9
40 13
41 8
42 9
43 10
44 10
45 8
46 15
47 11
48 8
49 19
50 13
51 9
52 7
53 12
54 11
55 10
56 10
57 10
58 12
59 9
60 12
61 8
62 10
63 7
64 9
65 11
66 9
67 11
68 12
69 8
70 11
71 11
72 12
73 7
74 14
75 16
76 11
77 6
78 13
79 11
80 10
81 11
82 9
83 10
84 13
85 14
86 12
87 7
88 12
89 9
90 9
91 12
92 9
93 14
94 11
95 11
96 10
97 13
98 13
99 14
100 7
