0 87
1 12
2 8
3 7
4 11
5 14
6 11
7 6
8 15
9 11
10 9
11 10
12 11
13 12
14 6
15 10
16 11
17 10
18 8
19 15
20 11
21 12
22 9
23 9
24 9
25 11
26 12
27 12
28 10
29 12
30 12
31 15
32 15
33 13
34 9
35 9
36 12
37 10
38 8
39 13
40 11
41 8
42 13
43 8
44 9
45 12
46 14
47 12
48 9
49 10
50 11
51 10
52 16
53 11
54 11
55 6
56 8
57 9
58 10
59 10
60 10
61 13
62 9
63 12
64 12
65 13
66 15
67 10
68 10
69 9
70 9
71 10
72 12
73 15
74 7
75 13
76 12
77 11
78 11
79 12
80 9
81 8
82 7
83 13
84 11
85 8
86 11
87 10
88 9
89 7
90 11
91 10
92 8
93 15
94 15
95 10
96 10
97 9
98 18
99 8
100 13
101 10
102 13
103 7
104 8
105 16
106 13
107 13
108 12
109 12
110 8
111 10
112 9
113 14
114 11
115 9
116 15
117 11
118 9
119 9
120 12
121 10
122 9
123 12
124 9
125 9
126 9
127 12
128 9
129 9
130 11
131 11
132 11
133 10
134 9
135 12
136 12
137 10
138 13
139 10
140 13
141 8
142 13
143 8
144 9
145 13
146 8
147 12
148 14
149 11
150 9
151 12
152 9
153 13
154 10
155 9
156 6
157 11
158 9
159 8
160 13
161 11
162 13
163 12
164 15
165 13
166 13
167 8
168 10
169 9
170 7
171 11
172 11
173 12
174 9
175 11
176 11
177 9
178 9
179 8
180 10
181 14
182 12
183 11
184 12
185 12
186 12
187 14
188 13
189 8
190 13
191 9
192 10
193 11
194 11
195 15
196 11
197 12
198 10
199 14
200 12
201 15
202 9
203 9
204 13
205 11
206 10
207 10
208 11
209 13
210 11
211 14
212 10
213 8
214 13
215 11
216 10
217 12
218 10
219 10
220 11
221 12
222 13
223 12
224 13
225 8
226 12
227 13
228 12
229 11
230 12
231 13
232 13
233 10
234 9
235 14
236 10
237 9
238 10
239 11
240 10
241 11
242 12
243 13
244 13
245 11
246 11
247 12
248 9
249 10
250 12
251 11
252 12
253 12
254 10
255 14
256 13
257 10
258 8
259 11
260 13
261 13
262 9
263 12
264 12
265 11
266 9
267 11
268 14
269 7
270 13
271 16
272 10
273 13
274 12
275 13
276 9
277 10
278 11
279 13
280 11
281 10
282 8
283 9
284 7
285 9
286 7
287 11
288 11
289 13
290 15
291 11
292 8
293 12
294 13
295 15
296 7
297 10
298 11
299 11
300 11
301 14
302 9
303 9
304 10
305 13
306 8
307 11
308 14
309 12
310 11
311 10
312 13
313 11
314 6
315 11
316 8
317 9
318 12
319 5
320 10
321 10
322 15
323 11
324 11
325 13
326 10
327 11
328 13
329 8
330 11
331 12
332 11
333 11
334 10
335 13
336 12
337 8
338 10
339 13
340 9
341 9
342 10
343 10
344 13
345 12
346 13
347 12
348 10
349 15
350 10
351 10
352 11
353 10
354 11
355 11
356 15
357 11
358 10
359 11
360 12
361 11
362 11
363 10
364 14
365 8
366 12
367 13
368 10
369 14
370 10
371 9
372 11
373 10
374 13
375 11
376 11
377 8
378 11
379 10
380 12
381 10
382 9
383 13
384 10
385 12
386 13
387 8
388 11
389 10
390 14
391 8
392 10
393 12
394 9
395 10
396 14
397 13
398 15
399 9
400 15
401 10
402 14
403 11
404 7
405 15
406 12
407 16
408 11
409 11
410 11
411 11
412 8
413 12
414 11
415 11
416 11
417 10
418 15
419 14
420 13
421 10
422 13
423 12
424 11
425 8
426 8
427 10
428 14
429 11
430 9
431 14
432 11
433 10
434 10
435 14
436 14
437 12
438 10
439 11
440 11
441 13
442 15
443 12
444 15
445 12
446 8
447 11
448 10
449 13
450 14
451 14
452 8
453 11
454 15
455 8
456 14
457 13
458 7
459 9
460 11
461 9
462 9
463 13
464 10
465 10
466 11
467 14
468 14
469 12
470 11
471 12
472 15
473 10
474 10
475 11
476 13
477 10
478 13
479 10
480 13
481 16
482 8
483 12
484 11
485 12
486 8
487 8
488 15
489 10
490 13
491 9
492 14
493 9
494 9
495 10
496 10
497 11
498 14
499 11
500 10
501 11
502 9
503 11
504 10
505 11
506 7
507 12
508 10
509 12
510 10
511 11
512 10
513 11
514 11
515 12
516 14
517 13
518 8
519 10
520 13
521 13
522 10
523 12
524 13
525 14
526 10
527 9
528 12
529 11
530 11
531 11
532 10
533 10
534 10
535 13
536 10
537 10
538 13
539 11
540 12
541 12
542 15
543 9
544 8
545 11
546 12
547 9
548 10
549 14
550 8
551 10
552 9
553 6
554 11
555 11
556 9
557 9
558 10
559 9
560 9
561 8
562 10
563 9
564 12
565 8
566 13
567 10
568 9
569 11
570 17
571 9
572 9
573 12
574 12
575 11
576 16
577 13
578 9
579 12
580 12
581 12
582 11
583 10
584 13
585 12
586 10
587 8
588 14
589 11
590 14
591 11
592 16
593 13
594 15
595 13
596 14
597 10
598 8
599 11
600 11
601 9
602 15
603 14
604 11
605 10
606 12
607 9
608 12
609 11
610 11
611 8
612 9
613 10
614 9
615 11
616 10
617 11
618 11
619 8
620 11
621 8
622 8
623 9
624 8
625 7
626 10
627 15
628 10
629 8
630 13
631 11
632 15
633 10
634 9
635 14
636 11
637 13
638 13
639 12
640 13
641 7
642 9
643 13
644 8
645 12
646 12
647 7
648 12
649 14
650 9
651 10
652 14
653 13
654 12
655 9
656 7
657 12
658 9
659 10
660 7
661 10
662 12
663 9
664 10
665 10
666 11
667 12
668 9
669 12
670 16
671 12
672 9
673 8
674 13
675 11
676 8
677 11
678 9
679 11
680 9
681 10
682 11
683 8
684 8
685 11
686 9
687 10
688 12
689 13
690 12
691 13
692 10
693 11
694 8
695 9
696 12
697 9
698 12
699 10
700 15
701 8
702 6
703 9
704 12
705 9
706 13
707 14
708 11
709 8
710 11
711 12
712 8
713 13
714 15
715 11
716 11
717 16
718 11
719 11
720 13
721 15
722 12
723 8
724 10
725 11
726 13
727 9
728 11
729 11
730 12
731 14
732 12
733 13
734 10
735 12
736 15
737 11
738 8
739 9
740 12
741 14
742 8
743 12
744 12
745 12
746 9
747 12
748 12
749 12
750 11
751 12
752 15
753 10
754 14
755 6
756 11
757 9
758 15
759 11
760 12
761 7
762 13
763 6
764 13
765 13
766 10
767 12
768 8
769 12
770 14
771 9
772 10
773 10
774 10
775 11
776 13
777 15
778 11
779 8
780 11
781 11
782 13
783 10
784 12
785 12
786 10
787 10
788 12
789 12
790 8
791 10
792 13
793 12
794 10
795 13
796 13
797 14
798 8
799 11
800 12
801 11
802 10
803 16
804 12
805 15
806 9
807 12
808 14
809 15
810 11
811 10
812 15
813 10
814 8
815 15
816 12
817 10
818 10
819 8
820 10
821 12
822 12
823 9
824 12
825 12
826 14
827 10
828 9
829 11
830 10
831 8
832 12
833 14
834 10
835 8
836 11
837 14
838 9
839 11
840 13
841 14
842 9
843 14
844 10
845 12
846 11
847 9
848 10
849 6
850 10
851 10
852 10
853 13
854 10
855 14
856 11
857 14
858 11
859 13
860 14
861 11
862 11
863 10
864 12
865 8
866 8
867 11
868 10
869 13
870 11
871 8
872 11
873 13
874 9
875 10
876 11
877 13
878 16
879 5
880 10
881 16
882 14
883 9
884 10
885 12
886 13
887 11
888 12
889 12
890 8
891 9
892 11
893 7
894 12
895 9
896 14
897 11
898 10
899 11
900 11
901 9
902 13
903 14
904 15
905 13
906 13
907 12
908 16
909 12
910 11
911 9
912 10
913 9
914 11
915 12
916 8
917 11
918 10
919 10
920 15
921 13
922 12
923 10
924 13
925 8
926 10
927 12
928 13
929 11
930 15
931 11
932 13
933 14
934 8
935 8
936 12
937 9
938 9
939 16
940 12
941 10
942 13
943 13
944 9
945 10
946 7
947 9
948 11
949 12
950 12
951 11
952 12
953 8
954 14
955 11
956 14
957 11
958 11
959 7
960 9
961 14
962 10
963 7
964 12
965 10
966 10
967 9
968 9
969 13
970 10
971 11
972 13
973 17
974 10
975 14
976 13
977 8
978 12
979 11
980 12
981 9
982 10
983 13
984 11
985 9
986 14
987 12
988 10
989 9
990 9
991 9
992 8
993 10
994 6
995 7
996 10
997 9
998 9
999 11
1000 12
1001 7
1002 10
1003 10
1004 10
1005 14
1006 9
1007 9
1008 11
1009 13
1010 8
1011 12
1012 14
1013 11
1014 8
1015 10
1016 11
1017 12
1018 11
1019 11
1020 14
1021 10
1022 9
1023 13
1024 15
1025 11
1026 9
1027 6
1028 13
1029 10
1030 10
1031 18
1032 16
1033 11
1034 8
1035 12
1036 9
1037 14
1038 13
1039 6
1040 10
1041 12
1042 11
1043 11
1044 13
1045 10
1046 12
1047 10
1048 13
1049 12
1050 10
1051 10
1052 11
1053 16
1054 11
1055 11
1056 7
1057 7
1058 10
1059 11
1060 15
1061 8
1062 13
1063 13
1064 11
1065 12
1066 9
1067 9
1068 11
1069 14
1070 10
1071 9
1072 12
1073 13
1074 13
1075 7
1076 10
1077 11
1078 10
1079 9
1080 9
1081 13
1082 11
1083 11
1084 13
1085 11
1086 12
1087 10
1088 11
1089 10
1090 9
1091 8
1092 13
1093 11
1094 10
1095 12
1096 7
1097 10
1098 10
1099 12
1100 15
1101 12
1102 5
1103 6
1104 13
1105 14
1106 7
1107 11
1108 12
1109 15
1110 10
1111 14
1112 14
1113 10
1114 9
1115 9
1116 9
1117 13
1118 12
1119 11
1120 11
1121 10
1122 11
1123 11
1124 9
1125 9
1126 13
1127 15
1128 14
1129 9
1130 9
1131 6
1132 8
1133 17
1134 7
1135 14
1136 10
1137 15
1138 11
1139 8
1140 14
1141 11
1142 7
1143 8
1144 9
1145 14
