0 86
1 10
2 12
3 7
4 10
5 9
6 8
7 7
8 10
9 10
10 8
11 12
12 14
13 9
14 8
15 14
16 10
17 10
18 15
19 10
20 11
21 14
22 9
23 11
24 10
25 9
26 14
27 10
28 11
29 8
30 8
31 10
32 9
33 11
34 13
35 11
36 9
37 9
38 12
39 13
40 10
41 14
42 13
43 13
44 8
45 11
46 8
47 11
48 8
49 12
50 16
51 12
52 11
53 9
54 10
55 11
56 12
57 13
58 8
59 11
60 12
61 11
62 13
63 12
64 9
65 11
66 10
67 11
68 11
69 12
70 11
71 13
72 11
73 11
74 13
75 12
76 10
77 11
78 12
79 11
80 11
81 11
82 11
83 11
84 12
85 11
86 10
87 8
88 8
89 8
90 7
91 11
92 11
93 11
94 14
95 18
96 11
97 13
98 11
99 16
100 13
