0 132
1 15
2 9
3 15
4 11
5 12
6 9
7 8
8 13
9 12
10 15
11 12
12 10
13 11
14 13
15 11
16 14
17 10
18 10
19 10
20 10
21 10
22 8
23 13
24 10
25 14
26 10
27 11
28 11
29 12
30 9
31 12
32 9
33 9
34 15
35 10
36 9
37 12
38 13
39 11
40 10
41 8
42 6
43 11
44 10
45 9
46 11
47 9
48 12
49 11
50 8
51 11
52 9
53 11
54 10
55 7
56 8
57 13
58 8
59 13
60 16
61 11
62 10
63 9
64 9
65 7
66 13
67 9
68 8
69 10
70 12
71 15
72 9
73 7
74 12
75 11
76 12
77 12
78 11
79 17
80 10
81 12
82 8
83 9
84 14
85 9
86 11
87 14
88 9
89 12
90 12
91 10
92 7
93 12
94 10
95 10
96 10
97 12
98 13
99 9
100 11
101 14
102 13
103 8
104 10
105 10
106 10
107 11
108 16
109 8
110 12
111 12
112 14
113 10
114 11
115 14
116 12
117 10
118 9
119 11
120 10
121 14
122 8
123 12
124 10
125 13
126 12
127 14
128 11
129 12
130 10
131 10
132 8
133 11
134 13
135 12
136 14
137 12
138 10
139 12
140 13
141 9
142 10
143 13
144 7
145 8
146 11
147 11
148 11
149 9
150 11
151 10
152 8
153 12
154 11
155 10
156 10
157 11
158 10
159 10
160 11
161 11
162 10
163 10
164 12
165 6
166 10
167 11
168 6
169 14
170 13
171 11
172 9
173 12
174 13
175 10
176 13
177 11
178 12
179 10
180 13
181 7
182 9
183 12
184 6
185 10
186 9
187 14
188 9
189 13
190 11
191 13
192 10
193 8
194 12
195 10
196 11
197 10
198 12
199 10
200 14
