0 94
1 13
2 11
3 12
4 12
5 10
6 10
7 11
8 9
9 5
10 12
11 12
12 15
13 8
14 11
15 11
16 8
17 11
18 9
19 13
20 13
21 11
22 11
23 14
24 13
25 10
26 12
27 7
28 7
29 11
30 8
31 10
32 10
33 12
34 9
35 9
36 11
37 11
38 9
39 11
40 11
41 12
42 8
43 12
44 9
45 13
46 13
47 10
48 12
49 9
50 10
51 12
52 8
53 10
54 10
55 9
56 12
57 11
58 8
59 14
60 10
61 9
62 7
63 12
64 12
65 7
66 13
67 9
68 6
69 9
70 9
71 12
72 11
73 10
74 12
75 9
76 13
77 9
78 9
79 12
80 11
81 14
82 11
83 11
84 12
85 13
86 8
87 11
88 13
89 11
90 13
91 10
92 14
93 12
94 10
95 11
96 11
97 10
98 15
99 11
100 9
