0 106
1 11
2 11
3 9
4 6
5 11
6 11
7 9
8 11
9 10
10 11
11 13
12 14
13 13
14 10
15 13
16 11
17 10
18 15
19 11
20 15
21 12
22 9
23 14
24 10
25 9
26 11
27 10
28 8
29 11
30 9
31 10
32 13
33 8
34 12
35 14
36 14
37 13
38 10
39 13
40 12
41 9
42 11
43 13
44 13
45 11
46 9
47 12
48 7
49 11
50 13
51 13
52 11
53 12
54 12
55 10
56 9
57 14
58 14
59 9
60 6
61 7
62 12
63 9
64 10
65 13
66 8
67 10
68 12
69 14
70 11
71 8
72 15
73 12
74 10
75 12
76 7
77 13
78 11
79 11
80 9
81 12
82 8
83 17
84 11
85 9
86 10
87 14
88 13
89 15
90 9
91 11
92 10
93 10
94 9
95 10
96 10
97 9
98 8
99 10
100 14
101 14
102 10
103 15
104 11
105 12
106 7
107 13
108 7
109 12
110 7
111 9
112 9
113 12
114 14
115 9
116 14
117 12
118 11
119 10
120 10
121 11
122 8
123 12
124 12
125 8
126 13
127 11
128 14
129 15
130 15
131 8
132 10
133 12
134 13
135 11
136 12
137 10
138 13
139 9
140 11
141 7
142 12
143 12
144 11
145 10
146 8
147 13
148 12
149 11
150 11
151 8
152 11
153 11
154 14
155 13
156 13
157 13
158 13
159 9
160 11
161 12
162 6
163 12
164 11
165 13
166 11
167 9
168 9
169 10
170 12
171 12
172 9
173 11
174 11
175 14
176 13
177 8
178 15
179 9
180 13
181 12
182 14
183 11
184 6
185 11
186 9
187 9
188 12
189 16
190 10
191 12
192 14
193 16
194 12
195 10
196 11
197 11
198 8
199 11
200 14
201 10
202 15
203 10
204 12
205 8
206 11
207 13
208 10
209 11
210 12
211 13
212 11
213 11
214 14
215 8
216 12
217 8
218 10
219 8
220 12
221 9
222 12
223 12
224 12
225 8
226 8
227 8
228 10
229 15
230 13
231 11
232 10
233 9
234 7
235 9
236 13
237 9
238 13
239 9
240 10
241 13
242 9
243 11
244 13
245 11
246 12
247 11
248 10
249 11
250 7
251 13
252 10
253 10
254 16
255 10
256 12
257 11
258 11
259 7
260 14
261 12
262 10
263 10
264 8
265 10
266 10
267 16
268 11
269 11
270 13
271 12
272 9
273 6
274 7
275 13
276 10
277 9
278 9
279 11
280 13
281 14
282 10
283 11
284 14
285 7
286 11
287 8
288 10
289 11
290 15
291 11
292 7
293 14
294 12
295 12
296 11
297 9
298 10
299 12
300 11
301 9
302 11
303 15
304 13
305 12
306 10
307 11
308 10
309 11
310 9
311 12
312 8
313 13
314 10
315 13
316 13
317 10
318 11
319 11
320 15
321 11
322 11
323 8
324 11
325 11
326 12
327 7
328 12
329 10
330 10
331 12
332 11
333 13
334 8
335 10
336 9
337 10
338 11
339 12
340 9
341 13
342 9
343 10
344 11
345 12
346 8
347 15
348 10
349 11
350 10
351 8
352 9
353 12
354 9
355 9
356 12
357 8
358 7
359 11
360 10
361 10
362 11
363 10
364 10
365 12
366 10
367 13
368 10
369 8
370 15
371 11
372 11
373 9
374 10
375 6
376 12
377 9
378 13
379 13
380 12
381 10
382 12
383 10
384 13
385 12
386 11
387 14
388 9
389 10
390 12
391 9
392 10
393 9
394 11
395 11
396 8
397 11
398 16
399 9
400 15
401 7
402 8
403 10
404 9
405 11
406 13
407 10
408 13
409 8
410 10
411 7
412 13
413 10
414 10
415 10
416 13
417 8
418 11
419 11
420 9
421 9
422 10
423 10
424 15
425 10
426 8
427 13
428 14
429 9
430 11
431 13
432 12
433 14
434 10
435 13
436 7
437 12
438 9
439 13
440 13
441 15
442 7
443 15
444 11
445 7
446 10
447 12
448 9
449 10
450 9
451 11
452 6
453 11
454 11
455 6
456 14
457 11
458 10
459 9
460 13
461 13
462 12
463 12
464 20
465 10
466 9
467 9
468 10
469 9
470 12
471 11
472 13
473 13
474 12
475 11
476 13
477 9
478 14
479 9
480 14
481 8
482 6
483 11
484 12
485 12
486 12
487 13
488 9
489 13
490 12
491 9
492 10
493 14
494 10
495 8
496 12
497 9
498 13
499 10
500 9
501 10
502 12
503 12
504 14
505 11
506 7
507 6
508 13
509 7
510 7
511 11
512 9
513 8
514 12
515 11
516 6
517 12
518 12
519 12
520 8
521 13
522 11
523 9
524 11
525 11
526 11
527 11
528 7
529 12
530 11
531 15
532 11
533 13
534 13
535 13
536 11
537 15
538 12
539 12
540 11
541 13
542 7
543 10
544 11
545 14
546 13
547 10
548 10
549 9
550 7
551 8
552 12
553 11
554 9
555 14
556 9
557 14
558 9
559 11
560 8
561 12
562 7
563 12
564 15
565 10
566 10
567 17
568 12
569 10
570 12
571 14
572 8
573 8
574 12
575 12
576 10
577 9
578 8
579 11
580 9
581 14
582 10
583 11
584 9
585 15
586 11
587 11
588 15
589 12
590 9
591 10
592 12
593 11
594 8
595 11
596 9
597 13
598 14
599 11
600 13
601 10
602 10
603 11
604 12
605 14
606 10
607 15
608 11
609 9
610 11
611 13
612 9
613 13
614 10
615 11
616 10
617 8
618 8
619 12
620 15
621 10
622 13
623 12
624 12
625 13
626 10
627 11
628 11
629 8
630 8
631 14
632 10
633 12
634 10
635 13
636 7
637 9
638 10
639 13
640 13
641 13
642 10
643 13
644 12
645 11
646 8
647 10
648 13
649 14
650 10
651 11
652 13
653 13
654 10
655 13
656 9
657 11
658 14
659 7
660 10
661 7
662 13
663 15
664 9
665 5
666 11
667 13
668 11
669 12
670 8
671 14
672 11
673 18
674 11
675 15
676 10
677 8
678 9
679 9
680 12
681 12
682 9
683 13
684 9
685 12
686 10
687 11
688 10
689 10
690 13
691 11
692 11
693 9
694 13
695 13
696 12
697 14
698 13
699 10
700 13
701 16
702 9
703 9
704 10
705 12
706 14
707 13
708 13
709 8
710 14
711 12
712 9
713 9
714 12
715 11
716 12
717 11
718 15
719 9
720 12
721 13
722 9
723 14
724 12
725 11
726 14
727 13
728 16
729 8
730 14
731 10
732 10
733 14
734 11
735 10
736 11
737 12
738 11
739 13
740 13
741 8
742 14
743 12
744 10
745 10
746 9
747 11
748 13
749 11
750 7
751 8
752 12
753 10
754 8
755 12
756 12
757 10
758 11
759 9
760 12
761 13
762 15
763 12
764 9
765 13
766 11
767 9
768 12
769 10
770 9
771 7
772 14
773 9
774 8
775 12
776 12
777 10
778 12
779 11
780 12
781 7
782 15
783 7
784 8
785 12
786 13
787 15
788 9
789 7
790 8
791 14
792 12
793 13
794 5
795 13
796 12
797 12
798 12
799 10
800 17
801 7
802 13
803 9
804 13
805 10
806 13
807 12
808 13
809 10
810 12
811 12
812 14
813 12
814 10
815 10
816 13
817 13
818 13
819 9
820 8
821 14
822 12
823 12
824 14
825 9
826 11
827 8
828 11
829 11
830 13
831 11
832 9
833 12
834 10
835 13
836 13
837 12
838 6
839 11
840 11
841 18
842 15
843 12
844 9
845 10
846 7
847 10
848 13
849 9
850 12
851 11
852 10
853 11
854 6
855 10
856 10
857 7
858 10
859 13
860 9
861 10
862 11
863 10
864 7
865 12
866 13
867 13
868 7
869 12
870 10
871 14
872 8
873 10
874 11
875 11
876 7
877 14
878 12
879 14
880 9
881 11
882 10
883 13
884 17
885 11
886 6
887 11
888 13
889 15
890 11
891 11
892 9
893 9
894 14
895 8
896 11
897 11
898 14
899 8
900 10
901 5
902 12
903 11
904 6
905 9
906 12
907 13
908 13
909 11
910 12
911 11
912 11
913 11
914 8
915 8
916 7
917 8
918 14
919 12
920 13
921 11
922 11
923 12
924 11
925 9
926 10
927 11
928 8
929 13
930 12
931 10
932 12
933 13
934 11
935 13
936 12
937 11
938 10
939 14
940 15
941 7
942 7
943 13
944 9
945 11
946 10
947 13
948 9
949 10
950 10
951 7
952 10
953 12
954 9
955 12
956 12
957 17
958 10
959 11
960 7
961 12
962 14
963 11
964 11
965 13
966 12
967 10
968 11
969 12
970 14
971 8
972 8
973 11
974 12
975 12
976 11
977 11
978 11
979 9
980 14
981 11
982 11
983 9
984 8
985 10
986 15
987 8
988 14
989 8
990 11
991 7
992 11
993 10
994 13
995 12
996 11
997 9
998 11
999 10
1000 10
1001 9
1002 9
1003 11
1004 12
1005 10
1006 9
1007 8
1008 9
1009 8
1010 10
1011 15
1012 15
1013 13
1014 10
1015 9
1016 8
1017 9
1018 10
1019 12
1020 10
1021 10
1022 8
1023 9
1024 9
1025 12
1026 11
1027 9
1028 10
1029 11
1030 15
1031 12
1032 10
1033 10
1034 16
1035 12
1036 11
1037 8
1038 11
1039 9
1040 13
1041 13
1042 15
1043 12
1044 13
1045 15
1046 15
1047 12
1048 11
1049 9
1050 16
1051 11
1052 10
1053 12
1054 12
1055 15
1056 15
1057 8
1058 9
1059 12
1060 7
1061 15
1062 8
1063 6
1064 11
1065 12
1066 13
1067 10
1068 9
1069 11
1070 13
1071 11
1072 11
1073 9
1074 9
1075 8
1076 10
1077 7
1078 16
1079 10
1080 7
1081 10
1082 14
1083 11
1084 10
1085 11
1086 13
1087 14
1088 12
1089 13
1090 13
1091 10
1092 9
1093 12
1094 10
1095 10
1096 12
1097 13
1098 7
1099 10
1100 8
1101 12
1102 11
1103 14
1104 13
1105 15
1106 15
1107 12
1108 14
1109 14
1110 12
1111 11
1112 11
1113 11
1114 10
1115 11
1116 9
1117 12
1118 12
1119 11
1120 12
1121 11
1122 8
1123 12
1124 11
1125 12
1126 15
1127 11
1128 13
1129 15
1130 10
1131 8
1132 9
1133 14
1134 12
1135 12
1136 6
1137 9
1138 12
1139 13
1140 12
1141 13
1142 8
1143 13
1144 13
1145 9
1146 15
1147 9
1148 12
1149 11
1150 11
1151 9
1152 11
1153 10
1154 13
1155 11
1156 9
1157 12
1158 17
1159 10
1160 10
1161 13
1162 6
1163 13
1164 11
1165 8
1166 7
1167 10
1168 9
1169 14
1170 8
1171 11
1172 12
1173 12
1174 9
1175 8
1176 13
1177 7
1178 12
1179 9
1180 13
1181 10
1182 12
1183 12
1184 11
1185 8
1186 10
1187 8
1188 12
1189 8
1190 14
1191 13
1192 9
1193 7
1194 11
1195 15
1196 13
1197 11
1198 13
1199 15
1200 13
1201 15
1202 15
1203 11
1204 6
1205 11
1206 11
1207 11
1208 14
1209 15
1210 11
1211 12
1212 9
1213 11
1214 10
1215 10
1216 12
1217 14
1218 11
1219 12
1220 9
1221 11
1222 9
1223 10
1224 10
1225 12
1226 12
1227 9
1228 8
1229 11
1230 12
1231 14
1232 5
1233 7
1234 14
1235 13
1236 7
1237 9
1238 13
1239 12
1240 11
1241 12
1242 15
1243 10
1244 11
1245 12
1246 9
1247 11
1248 14
1249 10
1250 8
1251 8
1252 9
1253 15
1254 9
1255 12
1256 12
1257 10
1258 8
1259 14
1260 10
1261 9
1262 10
1263 11
1264 8
1265 12
1266 13
1267 14
1268 9
1269 14
1270 10
1271 8
1272 11
1273 8
1274 17
1275 11
1276 9
1277 15
1278 9
1279 11
1280 7
1281 13
1282 10
1283 15
1284 14
1285 10
1286 8
1287 10
1288 11
1289 13
1290 9
1291 12
1292 8
1293 9
1294 14
1295 13
1296 9
1297 10
1298 13
1299 10
1300 8
1301 14
1302 10
1303 12
1304 15
1305 9
1306 14
1307 12
1308 7
1309 8
1310 16
1311 14
1312 11
1313 9
1314 9
1315 9
1316 9
1317 8
1318 10
1319 9
1320 10
1321 10
1322 9
1323 15
1324 10
1325 7
1326 12
1327 13
1328 12
1329 12
1330 14
1331 9
1332 7
1333 13
1334 8
1335 12
1336 11
1337 9
1338 10
1339 10
1340 11
1341 9
1342 10
1343 12
1344 12
1345 10
1346 9
1347 14
1348 10
1349 9
1350 7
1351 5
1352 14
1353 8
1354 10
1355 10
1356 11
1357 9
1358 14
1359 11
1360 10
1361 9
1362 13
1363 9
1364 14
1365 10
1366 13
1367 12
1368 15
1369 12
1370 12
1371 10
1372 13
1373 10
1374 10
1375 7
1376 10
1377 13
1378 11
1379 7
1380 15
1381 10
1382 11
1383 13
1384 11
1385 14
1386 13
1387 11
1388 12
1389 10
1390 6
1391 7
1392 11
1393 12
1394 11
1395 11
1396 6
1397 10
1398 9
1399 13
1400 14
1401 11
1402 15
1403 10
1404 11
1405 10
1406 12
1407 8
1408 8
1409 13
1410 9
1411 15
1412 13
1413 10
1414 14
1415 16
1416 11
1417 15
1418 10
1419 10
1420 14
1421 7
1422 9
1423 11
1424 10
1425 12
1426 18
1427 13
1428 10
1429 6
1430 10
1431 12
1432 11
1433 8
1434 8
1435 18
1436 13
1437 11
1438 13
1439 10
1440 11
1441 11
1442 9
1443 11
1444 10
1445 10
1446 16
1447 11
1448 15
1449 10
1450 8
1451 12
1452 8
1453 13
1454 12
1455 10
1456 11
1457 10
1458 8
1459 13
1460 11
1461 11
1462 10
1463 12
1464 11
1465 9
1466 12
1467 11
1468 13
1469 10
1470 10
1471 10
1472 13
1473 10
1474 12
1475 11
1476 9
1477 15
1478 12
1479 11
1480 13
1481 8
1482 10
1483 11
1484 9
1485 14
1486 14
1487 12
1488 13
1489 10
1490 13
1491 8
1492 12
1493 12
1494 9
1495 11
1496 10
1497 14
1498 8
1499 9
1500 13
1501 12
1502 13
1503 9
1504 9
1505 11
1506 8
1507 10
1508 5
1509 7
1510 13
1511 6
1512 10
1513 9
1514 13
1515 11
1516 11
1517 8
1518 13
1519 11
1520 13
1521 14
1522 13
1523 14
1524 10
1525 16
1526 9
1527 12
1528 9
1529 6
1530 8
1531 11
1532 10
1533 14
1534 11
1535 11
1536 12
1537 11
1538 12
1539 11
1540 10
1541 13
1542 9
1543 16
1544 10
1545 9
1546 15
1547 11
1548 12
1549 14
1550 10
1551 7
1552 13
1553 11
1554 10
1555 12
1556 5
1557 10
1558 12
1559 9
1560 11
1561 11
1562 12
1563 10
1564 9
1565 11
1566 10
1567 11
1568 8
1569 9
1570 10
1571 12
1572 7
1573 10
1574 9
1575 9
1576 8
1577 10
1578 12
1579 14
1580 8
1581 8
1582 10
1583 10
1584 10
1585 18
1586 11
1587 16
1588 12
1589 12
1590 10
1591 11
1592 14
1593 8
1594 13
1595 11
1596 13
1597 12
1598 8
1599 16
1600 10
1601 9
1602 12
1603 12
1604 10
1605 9
1606 11
1607 14
1608 13
1609 12
1610 9
1611 12
1612 14
1613 15
1614 9
1615 10
1616 11
1617 12
1618 13
1619 12
1620 4
1621 9
1622 13
1623 10
1624 10
1625 19
1626 11
1627 10
1628 11
1629 12
1630 9
1631 13
1632 11
1633 11
1634 10
1635 11
1636 6
1637 13
1638 9
1639 14
1640 14
1641 13
1642 8
1643 10
1644 9
1645 11
1646 5
1647 12
1648 10
1649 13
1650 10
1651 11
1652 11
1653 9
1654 9
1655 12
1656 12
1657 8
1658 14
1659 6
1660 12
1661 14
1662 10
1663 10
1664 10
1665 11
1666 8
1667 11
1668 8
1669 12
1670 12
1671 12
1672 11
1673 10
1674 11
1675 7
1676 10
1677 8
1678 9
1679 9
1680 15
1681 7
1682 10
1683 11
1684 12
1685 7
1686 11
1687 11
1688 10
1689 12
1690 9
1691 8
1692 13
1693 9
1694 8
1695 12
1696 10
1697 8
1698 14
1699 13
1700 15
1701 11
1702 13
1703 12
1704 12
1705 11
1706 11
1707 11
1708 10
1709 6
1710 15
1711 7
1712 11
1713 7
1714 14
1715 15
1716 12
1717 9
1718 11
1719 11
1720 8
1721 12
1722 8
1723 15
1724 13
1725 14
1726 9
1727 11
1728 12
1729 9
1730 10
1731 11
1732 12
1733 13
1734 11
1735 10
1736 10
1737 13
1738 11
1739 14
1740 15
1741 13
1742 12
1743 11
1744 8
1745 10
1746 8
1747 10
1748 13
1749 15
1750 12
1751 4
1752 11
1753 11
1754 13
1755 10
1756 6
1757 13
1758 14
1759 11
1760 11
1761 15
1762 10
1763 10
1764 10
1765 9
1766 13
1767 15
1768 12
1769 9
1770 13
1771 11
1772 13
1773 12
1774 14
1775 9
1776 14
1777 11
1778 10
1779 7
1780 14
1781 11
1782 10
1783 14
1784 12
1785 8
1786 14
1787 12
1788 12
1789 10
1790 13
1791 8
1792 11
1793 11
1794 8
1795 8
1796 8
1797 15
1798 17
1799 14
1800 9
1801 15
1802 12
1803 12
1804 10
1805 9
1806 12
1807 13
1808 13
1809 13
1810 16
1811 11
1812 9
1813 11
1814 10
1815 10
1816 9
1817 9
1818 10
1819 11
1820 12
1821 11
1822 13
1823 9
1824 9
1825 14
1826 9
1827 10
1828 13
1829 12
1830 8
1831 13
1832 11
1833 12
1834 7
1835 14
1836 11
1837 12
1838 10
1839 12
1840 9
1841 9
1842 11
1843 11
1844 12
1845 9
1846 12
1847 10
1848 12
1849 14
1850 12
1851 14
1852 12
1853 13
1854 11
1855 11
1856 13
1857 13
1858 11
1859 10
1860 11
1861 7
1862 11
1863 11
1864 10
1865 7
1866 13
1867 11
1868 8
1869 11
1870 10
1871 10
1872 13
1873 10
1874 12
1875 14
1876 13
1877 14
1878 8
1879 13
1880 15
1881 8
1882 9
1883 13
1884 11
1885 14
1886 10
1887 12
1888 15
1889 12
1890 11
1891 16
1892 10
1893 9
1894 14
1895 11
1896 13
1897 14
1898 9
1899 9
1900 12
1901 7
1902 10
1903 10
1904 11
1905 12
1906 10
1907 9
1908 11
1909 14
1910 14
1911 11
1912 8
1913 13
1914 7
1915 15
1916 8
1917 14
1918 8
1919 12
1920 10
1921 9
1922 10
1923 7
1924 10
1925 12
1926 9
1927 10
1928 10
1929 12
1930 9
1931 6
1932 17
1933 15
1934 16
1935 11
1936 10
1937 8
1938 13
1939 13
1940 12
1941 14
1942 10
1943 5
1944 9
1945 11
1946 9
1947 9
1948 11
1949 9
1950 15
1951 9
1952 10
1953 13
1954 9
1955 10
1956 10
1957 9
1958 9
1959 6
1960 9
1961 10
1962 11
1963 12
1964 8
1965 11
1966 10
1967 14
1968 10
1969 12
1970 7
1971 11
1972 14
1973 14
1974 13
1975 7
1976 15
1977 12
1978 10
1979 10
1980 13
1981 8
1982 12
1983 11
1984 10
1985 11
1986 10
1987 10
1988 10
1989 14
1990 10
1991 13
1992 10
1993 11
1994 9
1995 12
1996 8
1997 10
1998 14
1999 12
2000 9
2001 9
2002 9
2003 11
2004 14
2005 11
2006 11
2007 11
2008 13
2009 13
2010 10
2011 10
2012 12
2013 10
2014 11
2015 6
2016 11
2017 9
2018 8
2019 13
2020 12
2021 9
2022 8
2023 12
2024 13
2025 7
2026 11
2027 10
2028 8
2029 12
2030 12
2031 10
2032 10
2033 10
2034 11
2035 8
2036 12
2037 17
2038 9
2039 10
2040 11
2041 7
2042 11
2043 14
2044 9
2045 8
2046 10
2047 12
2048 12
2049 11
2050 11
2051 11
2052 10
2053 8
2054 13
2055 11
2056 14
2057 11
2058 12
2059 14
2060 8
2061 11
2062 10
2063 8
2064 11
2065 11
2066 9
2067 10
2068 11
2069 13
2070 11
2071 16
2072 13
2073 11
2074 14
2075 10
2076 9
2077 6
2078 15
2079 10
2080 11
2081 12
2082 11
2083 10
2084 13
2085 11
2086 11
2087 10
2088 9
2089 9
2090 12
2091 10
2092 15
2093 13
2094 11
2095 7
2096 11
2097 12
2098 11
2099 10
2100 15
2101 8
2102 12
2103 13
2104 10
2105 11
2106 10
2107 12
2108 8
2109 13
2110 15
2111 11
2112 12
2113 8
2114 11
2115 10
2116 10
2117 9
2118 8
2119 15
2120 7
2121 11
2122 12
2123 17
2124 13
2125 9
2126 11
2127 9
2128 9
2129 12
2130 10
2131 9
2132 11
2133 13
2134 12
2135 11
2136 14
2137 13
2138 8
2139 14
2140 10
2141 11
2142 13
2143 10
2144 13
2145 13
2146 10
2147 11
2148 10
2149 14
2150 12
2151 12
2152 11
2153 12
2154 7
2155 12
2156 12
2157 8
2158 8
2159 8
2160 14
2161 6
2162 13
2163 10
2164 8
2165 10
2166 8
2167 12
2168 12
2169 8
2170 9
2171 12
2172 10
2173 13
2174 11
2175 11
2176 10
2177 12
2178 10
2179 14
2180 8
2181 11
2182 15
2183 10
2184 13
2185 9
2186 12
2187 14
2188 12
2189 6
2190 9
2191 11
2192 11
2193 9
2194 9
2195 12
2196 16
2197 13
2198 10
2199 7
2200 9
2201 12
2202 10
2203 14
2204 16
2205 12
2206 6
2207 7
2208 14
2209 12
2210 7
2211 5
2212 13
2213 6
2214 14
2215 10
2216 8
2217 13
2218 11
2219 9
2220 14
2221 11
2222 11
2223 9
2224 9
2225 10
2226 14
2227 14
2228 16
2229 13
2230 18
2231 9
2232 8
2233 11
2234 7
2235 13
2236 11
2237 10
2238 13
2239 11
2240 11
2241 15
2242 11
2243 11
2244 10
2245 10
2246 13
2247 10
2248 9
2249 12
2250 11
2251 11
2252 14
2253 11
2254 7
2255 11
2256 9
2257 10
2258 10
2259 16
2260 10
2261 11
2262 13
2263 11
2264 13
2265 14
2266 11
2267 11
2268 10
2269 12
2270 10
2271 10
2272 11
2273 8
2274 10
2275 11
2276 12
2277 9
2278 9
2279 13
2280 13
2281 11
2282 11
2283 15
2284 12
2285 12
2286 10
2287 11
2288 11
2289 10
2290 10
2291 10
2292 14
2293 12
2294 8
2295 15
2296 12
2297 11
2298 13
2299 9
2300 13
2301 11
2302 12
2303 11
2304 8
2305 11
2306 14
2307 7
2308 10
2309 10
2310 14
2311 11
2312 7
2313 12
2314 17
2315 8
2316 10
2317 11
2318 11
2319 7
2320 10
2321 11
2322 9
2323 7
2324 11
2325 13
2326 10
2327 11
2328 9
2329 13
2330 16
2331 10
2332 12
2333 11
2334 12
2335 8
2336 9
2337 4
2338 10
2339 6
2340 11
2341 7
2342 14
2343 14
2344 9
2345 11
2346 12
2347 12
2348 7
2349 9
2350 10
2351 11
2352 8
2353 10
2354 14
2355 14
2356 10
2357 12
2358 7
2359 17
2360 12
2361 7
2362 9
2363 9
2364 15
2365 11
2366 10
2367 9
2368 12
2369 13
2370 11
2371 10
2372 10
2373 12
2374 9
2375 10
2376 10
2377 13
2378 9
2379 10
2380 13
2381 11
2382 12
2383 7
2384 12
2385 12
2386 10
2387 9
2388 15
2389 10
2390 12
2391 9
2392 9
2393 14
2394 14
2395 11
2396 12
2397 7
2398 10
2399 9
2400 11
2401 13
2402 12
2403 10
2404 10
2405 10
2406 14
2407 5
2408 12
2409 13
2410 10
2411 10
2412 10
2413 12
2414 11
2415 11
2416 12
2417 13
2418 9
2419 14
2420 11
2421 9
2422 13
2423 13
2424 9
2425 13
2426 12
2427 9
2428 7
2429 13
2430 10
2431 11
2432 12
2433 11
2434 11
2435 13
2436 9
2437 6
2438 8
2439 11
2440 10
2441 13
2442 18
2443 9
2444 13
2445 15
2446 9
2447 11
2448 11
2449 14
2450 10
2451 10
2452 14
2453 13
2454 11
2455 9
2456 10
2457 15
2458 13
2459 10
2460 13
2461 11
2462 14
2463 8
2464 13
2465 13
2466 12
2467 13
2468 12
2469 15
2470 8
2471 12
2472 13
2473 13
2474 7
2475 10
2476 6
2477 16
2478 16
2479 8
2480 11
2481 12
2482 10
2483 13
2484 12
2485 11
2486 11
2487 12
2488 14
2489 11
2490 10
2491 13
2492 12
2493 14
2494 13
2495 9
2496 10
2497 14
2498 12
2499 10
2500 10
2501 8
2502 14
2503 15
2504 13
2505 11
2506 10
2507 11
2508 14
2509 10
2510 12
2511 10
2512 12
2513 12
2514 10
2515 9
2516 13
2517 15
2518 14
2519 13
2520 13
2521 8
2522 12
2523 11
2524 14
2525 12
2526 12
2527 8
2528 7
2529 14
2530 14
2531 12
2532 10
2533 10
2534 10
2535 9
2536 11
2537 13
2538 11
2539 7
2540 17
2541 10
2542 6
2543 12
2544 10
2545 9
2546 13
2547 12
2548 11
2549 12
2550 7
2551 13
2552 7
2553 10
2554 8
2555 14
2556 12
2557 11
2558 10
2559 7
2560 8
2561 9
2562 11
2563 10
2564 16
2565 10
2566 11
2567 12
2568 10
2569 11
2570 14
2571 9
2572 16
2573 14
2574 11
2575 7
2576 9
2577 11
2578 12
2579 8
2580 9
2581 5
2582 13
2583 14
2584 11
2585 14
2586 12
2587 15
2588 10
2589 11
2590 13
2591 12
2592 16
2593 11
2594 12
2595 9
2596 11
2597 11
2598 11
2599 9
2600 12
2601 11
2602 14
2603 12
2604 16
2605 13
2606 7
2607 9
2608 10
2609 9
2610 8
2611 15
2612 8
2613 14
2614 12
2615 14
2616 10
2617 11
2618 8
2619 10
2620 12
2621 11
2622 10
2623 12
2624 4
2625 10
2626 11
2627 12
2628 12
2629 14
2630 12
2631 13
2632 9
2633 14
2634 11
2635 11
2636 13
2637 12
2638 10
2639 11
2640 13
2641 9
2642 10
2643 11
2644 9
2645 14
2646 11
2647 10
2648 9
2649 12
2650 9
2651 15
2652 11
2653 10
2654 9
2655 14
2656 16
2657 11
2658 10
2659 14
2660 9
2661 11
2662 12
2663 12
2664 11
2665 10
2666 9
2667 6
2668 10
2669 14
2670 12
2671 13
2672 11
2673 13
2674 8
2675 15
2676 9
2677 11
2678 12
2679 10
2680 12
2681 13
2682 11
2683 11
2684 7
2685 9
2686 11
2687 13
2688 15
2689 11
2690 12
2691 10
2692 11
2693 11
2694 8
2695 10
2696 9
2697 11
2698 11
2699 10
2700 12
2701 7
2702 11
2703 9
2704 10
2705 11
2706 10
2707 10
2708 10
2709 11
2710 13
2711 12
2712 12
2713 12
2714 10
2715 10
2716 13
2717 10
2718 11
2719 13
2720 14
2721 11
2722 8
2723 9
2724 11
2725 11
2726 10
2727 12
2728 10
2729 8
2730 11
2731 10
2732 12
2733 12
2734 11
2735 13
2736 12
2737 12
2738 9
2739 11
2740 9
2741 10
2742 8
2743 12
2744 13
2745 10
2746 12
2747 11
2748 8
2749 13
2750 12
2751 10
2752 10
2753 16
2754 6
2755 10
2756 13
2757 12
2758 12
2759 8
2760 9
2761 12
2762 11
2763 12
2764 14
2765 10
2766 11
2767 10
2768 12
2769 10
2770 8
2771 13
2772 9
2773 15
2774 9
2775 11
2776 13
2777 13
2778 14
2779 13
2780 6
2781 8
2782 8
2783 11
2784 13
2785 11
2786 8
2787 13
2788 9
2789 11
2790 11
2791 10
2792 16
2793 7
2794 14
2795 8
2796 11
2797 14
2798 11
2799 7
2800 10
2801 13
2802 13
2803 11
2804 11
2805 8
2806 12
2807 14
2808 9
2809 8
2810 11
2811 8
2812 15
2813 8
2814 10
2815 9
2816 11
2817 12
2818 9
2819 11
2820 13
2821 10
2822 11
2823 12
2824 13
2825 14
2826 13
2827 10
2828 11
2829 12
2830 10
2831 14
2832 8
2833 11
2834 8
2835 15
2836 13
2837 11
2838 6
2839 6
2840 8
2841 12
2842 18
2843 15
2844 13
2845 9
2846 11
2847 12
2848 10
2849 15
2850 13
2851 6
2852 10
2853 15
2854 12
2855 11
2856 10
2857 11
2858 11
2859 13
2860 13
2861 14
2862 6
2863 9
2864 11
2865 12
2866 7
2867 14
2868 10
2869 11
2870 11
2871 10
2872 12
2873 15
2874 8
2875 12
2876 9
2877 9
2878 11
2879 11
2880 13
2881 7
2882 13
2883 9
2884 10
2885 12
2886 9
2887 9
2888 7
2889 8
2890 8
2891 13
2892 7
2893 14
2894 12
2895 11
2896 13
2897 13
2898 12
2899 15
2900 10
2901 12
2902 13
2903 9
2904 8
2905 7
2906 11
2907 13
2908 10
2909 11
2910 7
2911 11
2912 8
2913 15
2914 12
2915 14
2916 14
2917 11
2918 13
2919 6
2920 8
2921 8
2922 9
2923 12
2924 9
2925 9
2926 8
2927 10
2928 8
2929 10
2930 9
2931 10
2932 9
2933 12
2934 12
2935 10
2936 10
2937 11
2938 12
2939 13
2940 9
2941 12
2942 9
2943 8
2944 11
2945 12
2946 9
2947 13
2948 14
2949 11
2950 11
2951 10
2952 7
2953 14
2954 11
2955 15
2956 12
2957 12
2958 17
2959 8
2960 10
2961 8
2962 10
2963 9
2964 10
2965 12
2966 10
2967 11
2968 16
2969 10
2970 8
2971 11
2972 10
2973 9
2974 9
2975 15
2976 9
2977 11
2978 12
2979 11
2980 9
2981 13
2982 8
2983 10
2984 14
2985 12
2986 12
2987 8
2988 11
2989 11
2990 15
2991 9
2992 13
2993 11
2994 9
2995 14
2996 10
2997 8
2998 9
2999 8
3000 11
3001 11
3002 8
3003 12
3004 10
3005 9
3006 10
3007 10
3008 11
3009 18
3010 14
3011 13
3012 12
3013 11
3014 12
3015 12
3016 14
3017 11
3018 10
3019 11
3020 12
3021 16
3022 13
3023 10
3024 13
3025 8
3026 12
3027 10
3028 9
3029 15
3030 9
3031 10
3032 12
3033 11
3034 13
3035 13
3036 11
3037 8
3038 9
3039 11
3040 15
3041 10
3042 9
3043 11
3044 5
3045 16
3046 11
3047 5
3048 10
3049 8
3050 8
3051 12
3052 12
3053 9
3054 11
3055 9
3056 12
3057 10
3058 10
3059 10
3060 11
3061 9
3062 12
3063 10
3064 12
3065 10
3066 8
3067 13
3068 12
3069 12
3070 9
3071 9
3072 7
3073 13
3074 9
3075 8
3076 9
3077 9
3078 12
3079 8
3080 10
3081 15
3082 11
3083 9
3084 12
3085 8
3086 12
3087 9
3088 10
3089 10
3090 13
3091 12
3092 9
3093 13
3094 10
3095 12
3096 12
3097 12
3098 12
3099 10
3100 11
3101 8
3102 12
3103 13
3104 11
3105 15
3106 8
3107 9
3108 9
3109 13
3110 11
3111 12
3112 9
3113 10
3114 10
3115 8
3116 12
3117 10
3118 11
3119 13
3120 12
3121 9
3122 13
3123 12
3124 13
3125 11
3126 16
3127 15
3128 11
3129 9
3130 11
3131 11
3132 10
3133 10
3134 8
3135 10
3136 10
3137 13
3138 9
3139 10
3140 11
3141 7
3142 9
3143 9
3144 13
3145 8
3146 11
3147 12
3148 13
3149 14
3150 11
3151 10
3152 9
3153 6
3154 14
3155 9
3156 10
3157 9
3158 13
3159 9
3160 12
3161 10
3162 10
3163 12
3164 13
3165 9
3166 11
3167 14
3168 10
3169 10
3170 11
3171 7
3172 12
3173 5
3174 14
3175 12
3176 5
3177 10
3178 9
3179 9
3180 10
3181 11
3182 11
3183 8
3184 11
3185 11
3186 13
3187 10
3188 11
3189 10
3190 16
3191 13
3192 11
3193 7
3194 12
3195 7
3196 13
3197 14
3198 13
3199 10
3200 10
3201 10
3202 10
3203 8
3204 8
3205 8
3206 14
3207 9
3208 11
3209 9
3210 9
3211 9
3212 12
3213 9
3214 8
3215 10
3216 13
3217 13
3218 12
3219 12
3220 9
3221 15
3222 16
3223 10
3224 9
3225 9
3226 9
3227 11
3228 11
3229 9
3230 11
3231 9
3232 11
3233 10
3234 11
3235 17
3236 8
3237 14
3238 13
3239 14
3240 11
3241 12
3242 7
3243 8
3244 15
3245 9
3246 13
3247 13
3248 12
3249 13
3250 13
3251 6
3252 8
3253 9
3254 6
3255 9
3256 10
3257 12
3258 11
3259 10
3260 9
3261 9
3262 9
3263 14
3264 12
3265 14
3266 9
3267 12
3268 10
3269 11
3270 10
3271 7
3272 7
3273 8
3274 10
3275 10
3276 12
3277 10
3278 10
3279 15
3280 11
3281 13
3282 12
3283 12
3284 13
3285 13
3286 9
3287 12
3288 8
3289 9
3290 8
3291 13
3292 12
3293 7
3294 11
3295 13
3296 11
3297 15
3298 13
3299 12
3300 13
3301 11
3302 12
3303 12
3304 12
3305 10
3306 13
3307 11
3308 8
3309 11
3310 11
3311 14
3312 12
3313 13
3314 11
3315 9
3316 14
3317 11
3318 10
3319 9
3320 7
3321 9
3322 15
3323 13
3324 12
3325 14
3326 9
3327 11
3328 13
3329 10
3330 10
3331 12
3332 8
3333 11
3334 9
3335 11
3336 7
3337 13
3338 7
3339 12
3340 11
3341 12
3342 10
3343 10
3344 12
3345 11
3346 10
3347 16
3348 9
3349 9
3350 13
3351 11
3352 7
3353 11
3354 11
3355 10
3356 11
3357 12
3358 8
3359 10
3360 11
3361 11
3362 8
3363 7
3364 16
3365 13
3366 14
3367 13
3368 12
3369 14
3370 8
3371 9
3372 11
3373 9
3374 11
3375 16
3376 14
3377 14
3378 9
3379 9
3380 13
3381 10
3382 12
3383 9
3384 12
3385 10
3386 11
3387 10
3388 14
3389 10
3390 11
3391 8
3392 12
3393 10
3394 10
3395 12
3396 11
3397 15
3398 14
3399 12
3400 7
3401 12
3402 9
3403 6
3404 14
3405 13
3406 12
3407 18
3408 13
3409 9
3410 11
3411 10
3412 9
3413 10
3414 10
3415 14
3416 17
3417 10
3418 13
3419 12
3420 11
3421 9
3422 6
3423 11
3424 7
3425 16
3426 6
3427 10
3428 13
3429 12
3430 13
3431 6
3432 11
3433 11
3434 12
3435 11
3436 11
3437 8
3438 12
3439 9
3440 10
3441 14
3442 12
3443 10
3444 9
3445 11
3446 11
3447 12
3448 11
3449 11
3450 14
3451 16
3452 16
3453 7
3454 11
3455 11
3456 8
3457 13
3458 10
3459 9
3460 15
3461 10
3462 10
3463 12
3464 8
3465 12
3466 11
3467 8
3468 12
3469 9
3470 12
3471 9
3472 9
3473 14
3474 10
3475 13
3476 10
3477 11
3478 7
3479 7
3480 11
3481 13
3482 15
3483 11
3484 15
3485 14
3486 9
3487 8
3488 11
3489 12
3490 10
3491 13
3492 8
3493 11
3494 9
3495 13
3496 10
3497 11
3498 14
3499 12
3500 11
3501 12
3502 10
3503 10
3504 13
3505 12
3506 14
3507 10
3508 14
3509 14
3510 7
3511 17
3512 9
3513 10
3514 12
3515 10
3516 17
3517 11
3518 14
3519 12
3520 9
3521 12
3522 11
3523 11
3524 10
3525 14
3526 8
3527 9
3528 10
3529 11
3530 8
3531 8
3532 11
3533 11
3534 7
3535 11
3536 10
3537 15
3538 8
3539 16
3540 12
3541 10
3542 11
3543 10
3544 13
3545 11
3546 13
3547 9
3548 9
3549 13
3550 11
3551 10
3552 12
3553 7
3554 10
3555 13
3556 12
3557 11
3558 12
3559 11
3560 8
3561 11
3562 11
3563 10
3564 12
3565 9
3566 8
3567 12
3568 14
3569 11
3570 8
3571 7
3572 13
3573 13
3574 11
3575 10
3576 11
3577 13
3578 8
3579 9
3580 10
3581 13
3582 8
3583 10
3584 8
3585 10
3586 9
3587 8
3588 7
3589 12
3590 10
3591 9
3592 12
3593 12
3594 11
3595 10
3596 15
3597 13
3598 12
3599 14
3600 10
3601 12
3602 16
3603 11
3604 7
3605 12
3606 12
3607 13
3608 11
3609 10
3610 10
3611 13
3612 11
3613 10
3614 13
3615 14
3616 10
3617 8
3618 7
3619 11
3620 13
3621 10
3622 13
3623 12
3624 11
3625 8
3626 9
3627 8
3628 10
3629 14
3630 10
3631 12
3632 8
3633 11
3634 11
3635 10
3636 6
3637 10
3638 10
3639 13
3640 7
3641 12
3642 11
3643 11
3644 11
3645 11
3646 12
3647 13
3648 12
3649 14
3650 9
3651 8
3652 12
3653 10
3654 11
3655 10
3656 12
3657 10
3658 12
3659 13
3660 13
3661 13
3662 14
3663 14
3664 11
3665 11
3666 13
3667 12
3668 12
3669 13
3670 9
3671 9
3672 13
3673 11
3674 10
3675 12
3676 14
3677 13
3678 7
3679 13
3680 11
3681 11
3682 17
3683 13
3684 9
3685 11
3686 13
3687 9
3688 8
3689 10
3690 15
3691 11
3692 12
3693 11
3694 7
3695 14
3696 13
3697 12
3698 12
3699 11
3700 14
3701 9
3702 10
3703 12
3704 15
3705 9
3706 7
3707 9
3708 12
3709 11
3710 15
3711 10
3712 10
3713 11
3714 11
3715 13
3716 15
3717 13
3718 13
3719 8
3720 7
3721 13
3722 10
3723 15
3724 11
3725 14
3726 17
3727 15
3728 12
3729 11
3730 9
3731 11
3732 11
3733 12
3734 13
3735 11
3736 14
3737 14
3738 16
3739 12
3740 8
3741 12
3742 18
3743 15
3744 10
3745 9
3746 8
3747 11
3748 11
3749 11
3750 9
3751 12
3752 15
3753 11
3754 10
3755 11
3756 12
3757 10
3758 12
3759 13
3760 12
3761 14
3762 12
3763 9
3764 11
3765 13
3766 12
3767 10
3768 11
3769 9
3770 14
3771 12
3772 9
3773 8
3774 10
3775 10
3776 12
3777 11
3778 9
3779 13
3780 12
3781 12
3782 16
3783 13
3784 7
3785 11
3786 8
3787 10
3788 9
3789 9
3790 12
3791 8
3792 11
3793 14
3794 9
3795 14
3796 13
3797 7
3798 15
3799 14
3800 8
3801 15
3802 9
3803 10
3804 11
3805 7
3806 10
3807 7
3808 14
3809 11
3810 9
3811 11
3812 9
3813 13
3814 13
3815 12
3816 12
3817 18
3818 13
3819 6
3820 13
3821 9
3822 9
3823 11
3824 10
3825 7
3826 8
3827 13
3828 13
3829 12
3830 13
3831 13
3832 10
3833 12
3834 11
3835 11
3836 8
3837 7
3838 9
3839 10
3840 12
3841 11
3842 11
3843 13
3844 12
3845 12
3846 12
3847 11
3848 12
3849 13
3850 13
3851 10
3852 12
3853 11
3854 12
3855 11
3856 10
3857 10
3858 8
3859 11
3860 11
3861 11
3862 9
3863 10
3864 9
3865 10
3866 9
3867 10
3868 13
3869 11
3870 11
3871 11
3872 10
3873 9
3874 14
3875 9
3876 11
3877 10
3878 8
3879 13
3880 12
3881 11
3882 11
3883 12
3884 12
3885 11
3886 11
3887 6
3888 11
3889 10
3890 9
3891 12
3892 8
3893 9
3894 12
3895 14
3896 14
3897 14
3898 11
3899 9
3900 11
3901 14
3902 8
3903 9
3904 9
3905 6
3906 14
3907 9
3908 13
3909 12
3910 9
3911 7
3912 10
3913 11
3914 11
3915 10
3916 10
3917 10
3918 11
3919 14
3920 14
3921 13
3922 9
3923 12
3924 14
3925 12
3926 7
3927 13
3928 14
3929 10
3930 14
3931 7
3932 10
3933 13
3934 13
3935 9
3936 14
3937 11
3938 11
3939 8
3940 16
3941 12
3942 7
3943 13
3944 8
3945 11
3946 11
3947 11
3948 10
3949 9
3950 9
3951 13
3952 10
3953 6
3954 13
3955 7
3956 9
3957 9
3958 11
3959 11
3960 12
3961 11
3962 7
3963 12
3964 13
3965 13
3966 8
3967 13
3968 16
3969 11
3970 9
3971 13
3972 10
3973 9
3974 14
3975 12
3976 13
3977 12
3978 7
3979 10
3980 10
3981 12
3982 17
3983 9
3984 7
3985 14
3986 11
3987 8
3988 13
3989 7
3990 9
3991 11
3992 12
3993 13
3994 7
3995 14
3996 12
3997 12
3998 11
3999 7
4000 13
4001 12
4002 10
4003 8
4004 11
4005 10
4006 11
4007 12
4008 10
4009 10
4010 12
4011 9
4012 9
4013 12
4014 10
4015 11
4016 11
4017 12
4018 11
4019 7
4020 12
4021 12
4022 17
4023 11
4024 11
4025 10
4026 9
4027 13
4028 10
4029 10
4030 13
4031 14
4032 9
4033 14
4034 9
4035 9
4036 11
4037 10
4038 13
4039 12
4040 13
4041 14
4042 13
4043 12
4044 7
4045 11
4046 8
4047 8
4048 9
4049 14
4050 10
4051 12
4052 10
4053 11
4054 12
4055 9
4056 14
4057 10
4058 14
4059 13
4060 7
4061 8
4062 8
4063 12
4064 10
4065 11
4066 14
4067 10
4068 12
4069 9
4070 7
4071 12
4072 9
4073 8
4074 9
4075 9
4076 12
4077 12
4078 9
4079 12
4080 12
4081 12
4082 10
4083 11
4084 10
4085 10
4086 8
4087 10
4088 11
4089 12
4090 10
4091 10
4092 9
4093 10
4094 10
4095 10
4096 12
4097 13
4098 12
4099 8
4100 8
4101 12
4102 15
4103 10
4104 8
4105 13
4106 12
4107 16
4108 10
4109 15
4110 13
4111 12
4112 7
4113 10
4114 13
4115 8
4116 13
4117 9
4118 11
4119 12
4120 7
4121 13
4122 10
4123 12
4124 9
4125 16
4126 10
4127 16
4128 10
4129 11
4130 11
4131 8
4132 9
4133 10
4134 8
4135 7
4136 10
4137 7
4138 10
4139 14
4140 10
4141 12
4142 15
4143 11
4144 11
4145 12
4146 11
4147 11
4148 11
4149 12
4150 8
4151 6
4152 9
4153 10
4154 11
4155 12
4156 11
4157 7
4158 10
4159 11
4160 10
4161 9
4162 7
4163 12
4164 9
4165 10
4166 11
4167 7
4168 11
4169 13
4170 10
4171 14
4172 12
4173 7
4174 10
4175 11
4176 12
4177 16
4178 8
4179 10
4180 8
4181 10
4182 10
4183 9
4184 11
4185 11
4186 9
4187 13
4188 10
4189 15
4190 12
4191 12
4192 16
4193 14
4194 10
4195 7
4196 14
4197 9
4198 9
4199 14
4200 9
4201 11
4202 12
4203 8
4204 12
4205 10
4206 10
4207 10
4208 9
4209 6
4210 11
4211 12
4212 9
4213 8
4214 9
4215 12
4216 7
4217 10
4218 8
4219 13
4220 10
4221 8
4222 7
4223 11
4224 9
4225 11
4226 14
4227 6
4228 12
4229 10
4230 12
4231 15
4232 14
4233 9
4234 9
4235 7
4236 12
4237 11
4238 8
4239 11
4240 6
4241 10
4242 11
4243 7
4244 9
4245 9
4246 14
4247 10
4248 10
4249 13
4250 12
4251 14
4252 11
4253 11
4254 9
4255 10
4256 9
4257 13
4258 11
4259 12
4260 9
4261 14
4262 11
4263 13
4264 11
4265 10
4266 11
4267 7
4268 8
4269 9
4270 15
4271 8
4272 9
4273 10
4274 9
4275 10
4276 10
4277 7
4278 11
4279 7
4280 12
4281 8
4282 12
4283 8
4284 13
4285 13
4286 12
4287 12
4288 11
4289 10
4290 12
4291 12
4292 10
4293 13
4294 12
4295 12
4296 11
4297 12
4298 13
4299 15
4300 8
4301 9
4302 16
4303 15
4304 13
4305 10
4306 11
4307 9
4308 7
4309 13
4310 10
4311 12
4312 12
4313 10
4314 7
4315 10
4316 13
4317 14
4318 6
4319 8
4320 13
4321 8
4322 12
4323 14
4324 9
4325 6
4326 13
4327 10
4328 14
4329 11
4330 13
4331 11
4332 11
4333 12
4334 12
4335 10
4336 12
4337 11
4338 10
4339 10
4340 11
4341 11
4342 16
4343 11
4344 8
4345 12
4346 14
4347 9
4348 9
4349 9
4350 6
4351 11
4352 9
4353 13
4354 9
4355 10
4356 12
4357 9
4358 8
4359 9
4360 9
4361 14
4362 10
4363 9
4364 11
4365 9
4366 8
4367 9
4368 8
4369 10
4370 11
4371 10
4372 17
4373 12
4374 10
4375 9
4376 12
4377 10
4378 7
4379 13
4380 10
4381 14
4382 11
4383 8
4384 6
4385 12
4386 13
4387 10
4388 9
4389 11
4390 11
4391 8
4392 9
4393 11
4394 11
4395 11
4396 12
4397 18
4398 8
4399 13
4400 11
4401 12
4402 10
4403 7
4404 10
4405 12
4406 11
4407 15
4408 10
4409 9
4410 8
4411 12
4412 10
4413 10
4414 10
4415 13
4416 6
4417 11
4418 9
4419 8
4420 10
4421 9
4422 11
4423 13
4424 10
4425 12
4426 13
4427 11
4428 14
4429 10
4430 10
4431 10
4432 11
4433 8
4434 10
4435 9
4436 12
4437 13
4438 12
4439 13
4440 9
4441 12
4442 13
4443 19
4444 14
4445 12
4446 11
4447 6
4448 10
4449 14
4450 8
4451 9
4452 12
4453 11
4454 16
4455 13
4456 10
4457 9
4458 11
4459 11
4460 7
4461 15
4462 7
4463 11
4464 9
4465 12
4466 13
4467 10
4468 14
4469 10
4470 7
4471 8
4472 9
4473 9
4474 11
4475 10
4476 11
4477 6
4478 9
4479 13
4480 9
4481 16
4482 11
4483 12
4484 9
4485 12
4486 12
4487 12
4488 9
4489 10
4490 12
4491 10
4492 10
4493 14
4494 15
4495 14
4496 14
4497 17
4498 9
4499 10
4500 12
4501 12
4502 14
4503 10
4504 13
4505 13
4506 11
4507 9
4508 11
4509 8
4510 12
4511 10
4512 12
4513 11
4514 10
4515 14
4516 10
4517 12
4518 8
4519 7
4520 10
4521 10
4522 14
4523 11
4524 13
4525 11
4526 13
4527 13
4528 11
4529 12
4530 13
4531 9
4532 10
4533 9
4534 11
4535 9
4536 10
4537 11
4538 12
4539 8
4540 12
4541 13
4542 13
4543 13
4544 13
4545 11
4546 9
4547 11
4548 13
4549 14
4550 9
4551 9
4552 8
4553 10
4554 15
4555 8
4556 15
4557 9
4558 13
4559 15
4560 9
4561 10
4562 13
4563 9
4564 8
4565 12
4566 12
4567 12
4568 12
4569 9
4570 10
4571 13
4572 8
4573 12
4574 9
4575 11
4576 11
4577 15
4578 14
4579 10
4580 9
4581 12
4582 11
4583 13
4584 11
4585 11
4586 12
4587 10
4588 8
4589 13
4590 16
4591 12
4592 14
4593 11
4594 9
4595 9
4596 10
4597 11
4598 14
4599 9
4600 8
4601 13
4602 9
4603 13
4604 12
4605 12
4606 15
4607 17
4608 8
4609 9
4610 14
4611 11
4612 8
4613 10
4614 8
4615 11
4616 13
4617 11
4618 13
4619 11
4620 9
4621 11
4622 16
4623 11
4624 8
4625 8
4626 12
4627 11
4628 13
4629 13
4630 11
4631 13
4632 8
4633 10
4634 13
4635 13
4636 8
4637 13
4638 9
4639 6
4640 13
4641 16
4642 12
4643 7
4644 8
4645 13
4646 6
4647 9
4648 13
4649 10
4650 11
4651 10
4652 7
4653 10
4654 7
4655 12
4656 8
4657 9
4658 16
4659 10
4660 8
4661 14
4662 17
4663 11
4664 12
4665 12
4666 12
4667 9
4668 7
4669 10
4670 9
4671 9
4672 12
4673 10
4674 13
4675 11
4676 9
4677 12
4678 14
4679 11
4680 9
4681 12
4682 13
4683 11
4684 9
4685 10
4686 11
4687 10
4688 9
4689 10
4690 12
4691 11
4692 7
4693 15
4694 12
4695 11
4696 13
4697 10
4698 10
4699 12
4700 13
4701 9
4702 12
4703 15
4704 15
4705 9
4706 12
4707 13
4708 12
4709 14
4710 9
4711 8
4712 11
4713 7
4714 11
4715 11
4716 10
4717 8
4718 10
4719 9
4720 13
4721 9
4722 10
4723 9
4724 10
4725 11
4726 11
4727 12
4728 9
4729 10
4730 9
4731 7
4732 12
4733 11
4734 12
4735 13
4736 9
4737 10
4738 14
4739 11
4740 10
4741 13
4742 10
4743 8
4744 10
4745 11
4746 12
4747 10
4748 12
4749 10
4750 7
4751 8
4752 8
4753 13
4754 17
4755 12
4756 13
4757 12
4758 8
4759 13
4760 9
4761 10
4762 12
4763 9
4764 11
4765 9
4766 9
4767 7
4768 13
4769 13
4770 10
4771 7
4772 11
4773 11
4774 10
4775 14
4776 13
4777 14
4778 9
4779 12
4780 13
4781 7
4782 10
4783 11
4784 9
4785 11
4786 10
4787 12
4788 8
4789 11
4790 9
4791 12
4792 12
4793 15
4794 12
4795 12
4796 10
4797 15
4798 12
4799 8
4800 10
4801 13
4802 13
4803 16
4804 11
4805 8
4806 13
4807 9
4808 12
4809 10
4810 10
4811 13
4812 11
4813 15
4814 6
4815 10
4816 8
4817 11
4818 12
4819 11
4820 12
4821 7
4822 9
4823 10
4824 10
4825 14
4826 9
4827 14
4828 11
4829 12
4830 11
4831 10
4832 12
4833 11
4834 13
4835 10
4836 12
4837 11
4838 13
4839 11
4840 14
4841 8
4842 10
4843 11
4844 9
4845 10
4846 11
4847 10
4848 13
4849 10
4850 9
4851 8
4852 9
4853 10
4854 15
4855 14
4856 16
4857 6
4858 13
4859 10
4860 10
4861 12
4862 10
4863 12
4864 13
4865 13
4866 8
4867 12
4868 12
4869 7
4870 11
4871 8
4872 14
4873 6
4874 12
4875 12
4876 10
4877 11
4878 10
4879 10
4880 11
4881 10
4882 12
4883 10
4884 7
4885 7
4886 15
4887 11
4888 13
4889 10
4890 11
4891 13
4892 11
4893 10
4894 11
4895 11
4896 11
4897 12
4898 14
4899 8
4900 9
4901 11
4902 11
4903 13
4904 11
4905 13
4906 16
4907 12
4908 8
4909 6
4910 13
4911 11
4912 7
4913 12
4914 9
4915 10
4916 11
4917 10
4918 13
4919 13
4920 13
4921 12
4922 13
4923 14
4924 13
4925 10
4926 11
4927 13
4928 14
4929 12
4930 7
4931 15
4932 8
4933 9
4934 9
4935 10
4936 18
4937 14
4938 8
4939 12
4940 12
4941 14
4942 12
4943 11
4944 5
4945 13
4946 11
4947 13
4948 11
4949 13
4950 10
4951 10
4952 12
4953 12
4954 11
4955 9
4956 14
4957 10
4958 15
4959 13
4960 13
4961 15
4962 12
4963 12
4964 12
4965 8
4966 19
4967 12
4968 13
4969 12
4970 11
4971 15
4972 8
4973 8
4974 14
4975 11
4976 12
4977 11
4978 11
4979 12
4980 6
4981 14
4982 8
4983 8
4984 11
4985 11
4986 6
4987 9
4988 9
4989 12
4990 11
4991 12
4992 14
4993 10
4994 6
4995 13
4996 13
4997 8
4998 11
4999 12
5000 12
