0 83
1 9
2 10
3 10
4 15
5 9
6 10
7 10
8 14
9 14
10 13
11 13
12 13
13 14
14 10
15 9
16 13
17 9
18 13
19 12
20 9
21 15
22 11
23 11
24 12
25 12
26 9
27 13
28 10
29 15
30 12
31 10
32 11
33 9
34 10
35 12
36 9
37 14
38 13
39 10
40 9
41 13
42 14
43 10
44 9
45 11
46 8
47 9
48 15
49 13
50 10
51 15
52 13
53 7
54 11
55 11
56 10
57 11
58 8
59 11
60 12
61 9
62 10
63 11
64 12
65 14
66 10
67 10
68 15
69 10
70 9
71 11
72 14
73 11
74 12
75 11
76 14
77 12
78 11
79 13
80 9
81 9
82 14
83 12
84 12
85 12
86 10
87 15
88 14
89 8
90 11
91 15
92 10
93 12
94 11
95 11
96 11
97 10
98 12
99 14
100 11
101 7
102 16
103 9
104 12
105 13
106 7
107 6
108 12
109 12
110 12
111 8
112 10
113 9
114 8
115 10
116 8
117 13
118 8
119 10
120 10
121 13
122 11
123 13
124 11
125 12
126 11
127 12
128 14
129 10
130 12
131 10
132 14
133 12
134 10
135 14
136 10
137 11
138 14
139 10
140 11
141 10
142 14
143 12
144 12
145 11
146 14
147 8
148 10
149 11
150 12
151 10
152 10
153 13
154 10
155 11
156 11
157 12
158 12
159 8
160 12
161 13
162 12
163 9
164 9
165 12
166 10
167 8
168 13
169 8
170 12
171 15
172 11
173 11
174 9
175 14
176 10
177 13
178 14
179 12
180 16
181 14
182 16
183 15
184 13
185 11
186 12
187 11
188 13
189 10
190 9
191 11
192 10
193 13
194 14
195 10
196 12
197 8
198 9
199 5
200 8
201 10
202 10
203 12
204 10
205 12
206 11
207 10
208 9
209 9
210 9
211 9
212 14
213 7
214 11
215 12
216 12
217 11
218 9
219 13
220 9
221 12
222 7
223 12
224 11
225 12
226 10
227 11
228 15
229 11
230 12
231 10
232 11
233 15
234 10
235 11
236 13
237 7
238 12
239 11
240 10
241 8
242 13
243 9
244 7
245 13
246 11
247 8
248 6
249 15
250 10
251 12
252 7
253 11
254 10
255 7
256 12
257 9
258 14
259 8
260 13
261 12
262 13
263 10
264 12
265 13
266 11
267 14
268 18
269 14
270 12
271 11
272 13
273 14
274 13
275 6
276 10
277 10
278 11
279 13
280 10
281 12
282 11
283 11
284 14
285 9
286 10
287 12
288 8
289 13
290 7
291 8
292 10
293 14
294 12
295 11
296 11
297 10
298 10
299 11
300 15
301 10
302 11
303 12
304 10
305 13
306 9
307 10
308 14
309 13
310 10
311 11
312 7
313 13
314 12
315 7
316 12
317 10
318 6
319 12
320 14
321 9
322 9
323 12
324 10
325 8
326 13
327 13
328 13
329 12
330 12
331 6
332 12
333 9
334 13
335 14
336 11
337 15
338 9
339 11
340 13
341 12
342 11
343 11
344 11
345 10
346 10
347 11
348 12
349 11
350 12
351 10
352 12
353 11
354 11
355 11
356 10
357 10
358 12
359 11
360 9
361 12
362 12
363 11
364 9
365 13
366 12
367 9
368 12
369 14
370 11
371 13
372 11
373 9
374 13
375 12
376 4
377 5
378 11
379 10
380 10
381 10
382 9
383 14
384 13
385 10
386 9
387 10
388 11
389 11
390 11
391 13
392 9
393 12
394 8
395 10
396 12
397 12
398 11
399 12
400 12
401 12
402 9
403 13
404 10
405 11
406 13
407 11
408 10
409 12
410 13
411 11
412 10
413 10
414 10
415 15
416 7
417 7
418 11
419 10
420 6
421 11
422 9
423 8
424 13
425 12
426 10
427 12
428 10
429 11
430 13
431 10
432 13
433 9
434 10
435 12
436 8
437 11
438 8
439 9
440 13
441 10
442 11
443 10
444 16
445 10
446 11
447 9
448 10
449 9
450 6
451 9
452 12
453 8
454 8
455 13
456 12
457 13
458 14
459 8
460 10
461 12
462 11
463 10
464 8
465 8
466 13
467 10
468 13
469 10
470 11
471 7
472 6
473 8
474 9
475 9
476 9
477 11
478 9
479 13
480 10
481 15
482 10
483 13
484 10
485 8
486 12
487 11
488 19
489 13
490 10
491 16
492 10
493 11
494 8
495 11
496 10
497 14
498 9
499 14
500 12
501 13
502 10
503 9
504 9
505 10
506 15
507 10
508 10
509 10
510 10
511 11
512 11
513 6
514 12
515 9
516 9
517 10
518 11
519 14
520 9
521 12
522 8
523 10
524 12
525 13
526 12
527 13
528 11
529 11
530 7
531 10
532 11
533 13
534 9
535 10
536 9
537 12
538 8
539 7
540 7
541 11
542 14
543 14
544 8
545 12
546 12
547 9
548 9
549 8
550 8
551 11
552 14
553 6
554 11
555 8
556 13
557 10
558 8
559 10
560 8
561 10
562 7
563 8
564 5
565 9
566 11
567 12
568 9
569 9
570 7
571 14
572 8
573 8
574 10
575 8
576 16
577 12
578 10
579 11
580 8
581 8
582 11
583 11
584 12
585 11
586 11
587 13
588 10
589 7
590 4
591 12
592 13
593 12
594 11
595 10
596 11
597 10
598 11
599 10
600 10
601 11
602 9
603 9
604 12
605 7
606 6
607 14
608 12
609 14
610 10
611 12
612 10
613 10
614 10
615 10
616 11
617 11
618 15
619 9
620 10
621 12
622 8
623 11
624 11
625 11
626 11
627 12
628 5
629 10
630 16
631 10
632 13
633 7
634 10
635 7
636 11
637 9
638 10
639 8
640 11
641 5
642 11
643 6
644 9
645 8
646 10
647 15
648 10
649 11
650 10
651 10
652 10
653 10
654 6
655 5
656 4
657 8
658 10
659 11
660 6
661 6
662 13
663 9
664 8
665 14
666 9
667 7
668 8
669 12
670 8
671 7
672 11
673 11
674 10
675 8
676 10
677 10
678 15
679 18
680 12
681 11
682 10
683 11
684 13
685 8
686 9
687 11
688 13
689 13
690 8
691 12
692 10
693 14
694 15
695 10
696 8
697 8
698 7
699 8
700 6
701 8
702 11
703 5
704 11
705 10
706 14
707 7
708 10
709 13
710 10
711 11
712 10
713 12
714 12
715 10
716 12
717 11
718 8
719 8
720 7
721 8
722 12
723 15
724 8
725 11
726 9
727 9
728 10
729 11
730 15
731 9
732 12
733 14
734 14
735 13
736 12
737 10
738 11
739 12
740 12
741 9
742 13
743 10
744 10
745 9
746 11
747 13
748 11
749 8
750 10
751 9
752 9
753 8
754 8
755 10
756 11
757 16
758 8
759 10
760 10
761 11
762 9
763 12
764 7
765 13
766 11
767 12
768 11
769 11
770 7
771 6
772 11
773 12
774 11
775 10
776 11
777 10
778 10
779 10
780 12
781 10
782 8
783 9
784 10
785 14
786 12
787 11
788 12
789 7
790 11
791 9
792 10
793 14
794 12
795 11
796 12
797 11
798 12
799 13
800 16
801 11
802 10
803 9
804 11
805 13
806 10
807 9
808 13
809 13
810 14
811 14
812 14
813 14
814 14
815 14
816 14
817 14
818 14
819 14
820 14
821 14
822 14
823 14
824 14
825 14
826 14
827 14
828 14
829 14
830 14
831 14
832 14
833 14
834 14
835 14
836 14
837 14
838 14
839 14
840 14
841 14
842 14
843 14
844 14
845 14
846 14
847 14
848 14
849 14
850 14
851 14
852 14
853 14
854 14
855 14
856 14
857 14
858 14
859 14
860 14
861 14
862 14
863 14
864 14
865 14
866 14
867 14
868 14
869 14
870 14
871 14
872 14
873 14
874 14
875 14
876 14
877 14
878 14
879 14
880 14
881 14
882 14
883 14
884 14
885 14
886 14
887 14
888 14
889 14
890 14
891 14
892 14
893 14
894 14
895 14
896 14
897 14
898 14
899 14
900 14
901 14
902 14
903 14
904 14
905 14
906 14
907 14
908 14
909 14
910 14
911 14
912 14
913 14
914 14
915 14
916 14
917 14
918 14
919 14
920 14
921 14
922 14
923 14
924 14
925 14
926 14
927 14
928 14
929 14
930 14
931 14
932 14
933 14
934 14
935 14
936 14
937 14
938 14
939 14
940 14
941 14
942 14
943 14
944 14
945 14
946 14
947 14
948 14
949 14
950 14
951 14
952 14
953 14
954 14
955 14
956 14
957 14
958 14
959 14
960 14
961 14
962 14
963 14
964 14
965 14
966 14
967 14
968 14
969 14
970 14
971 14
972 14
973 14
974 14
975 14
976 14
977 14
978 14
979 14
980 14
981 14
982 14
983 14
984 14
985 14
986 14
987 14
988 14
989 14
990 14
991 14
992 14
993 14
994 14
995 14
996 14
997 14
998 14
999 14
1000 14
