0 115
1 13
2 11
3 9
4 12
5 10
6 10
7 10
8 10
9 11
10 13
11 10
12 11
13 11
14 9
15 9
16 10
17 11
18 10
19 10
20 14
21 11
22 12
23 13
24 11
25 17
26 8
27 10
28 13
29 10
30 10
31 9
32 12
33 12
34 10
35 11
36 14
37 12
38 11
39 11
40 8
41 13
42 11
43 11
44 11
45 14
46 13
47 12
48 9
49 9
50 9
51 9
52 13
53 11
54 6
55 13
56 14
57 10
58 11
59 13
60 8
61 11
62 9
63 12
64 8
65 10
66 9
67 11
68 9
69 6
70 8
71 11
72 8
73 14
74 12
75 11
76 12
77 10
78 10
79 12
80 12
81 8
82 9
83 9
84 11
85 12
86 16
87 12
88 12
89 7
90 10
91 12
92 10
93 11
94 11
95 13
96 12
97 11
98 13
99 12
100 8
101 10
102 9
103 9
104 8
105 8
106 10
107 10
108 13
109 13
110 9
111 15
112 9
113 12
114 10
115 13
116 8
117 11
118 11
119 12
120 11
121 13
122 12
123 9
124 13
125 9
126 11
127 13
128 11
129 7
130 11
131 12
132 10
133 10
134 16
135 9
136 11
137 11
138 12
139 12
140 12
141 12
142 8
143 11
144 11
145 7
146 11
147 9
148 10
149 14
150 13
151 12
152 10
153 13
154 13
155 9
156 10
157 10
158 11
159 8
160 9
161 14
162 10
163 10
164 12
165 10
166 11
167 8
168 16
169 14
170 14
171 11
172 12
173 9
174 11
175 7
176 12
177 11
178 13
179 13
180 12
181 14
182 10
183 13
184 14
185 13
186 12
187 11
188 13
189 17
190 12
191 8
192 9
193 9
194 10
195 11
196 10
197 10
198 14
199 11
200 12
201 12
202 15
203 13
204 11
205 15
206 9
207 14
208 10
209 14
210 9
211 7
212 11
213 10
214 14
215 12
216 9
217 11
218 10
219 10
220 10
221 11
222 9
223 12
224 11
225 11
226 9
227 14
228 13
229 11
230 10
231 7
232 8
233 8
234 10
235 15
236 9
237 13
238 12
239 9
240 13
241 10
242 12
243 11
244 14
245 10
246 10
247 14
248 7
249 10
250 9
251 9
252 9
253 12
254 12
255 13
256 12
257 6
258 11
259 14
260 12
261 9
262 11
263 10
264 9
265 10
266 15
267 11
268 12
269 8
270 10
271 10
272 10
273 12
274 13
275 12
276 12
277 13
278 11
279 9
280 9
281 13
282 9
283 9
284 13
285 12
286 14
287 12
288 9
289 14
290 14
291 6
292 8
293 7
294 12
295 12
296 11
297 10
298 12
299 13
300 11
301 17
302 14
303 12
304 13
305 10
306 11
307 11
308 9
309 10
310 9
311 11
312 16
313 15
314 15
315 13
316 12
317 7
318 12
319 13
320 11
321 8
322 6
323 10
324 8
325 8
326 12
327 10
328 9
329 12
330 8
331 12
332 13
333 7
334 7
335 9
336 9
337 12
338 11
339 13
340 9
341 10
342 8
343 12
344 10
345 11
346 11
347 10
348 11
349 12
350 8
351 10
352 8
353 11
354 11
355 11
356 9
357 11
358 14
359 10
360 12
361 15
362 11
363 13
364 7
365 8
366 10
367 14
368 13
369 10
370 13
371 9
372 9
373 12
374 8
375 9
376 10
377 11
378 11
379 8
380 12
381 12
382 11
383 11
384 13
385 12
386 10
387 10
388 10
389 10
390 10
391 11
392 14
393 9
394 9
395 10
396 7
397 10
398 10
399 13
400 11
401 14
402 13
403 12
404 9
405 7
406 16
407 10
408 12
409 10
410 14
411 13
412 12
413 14
414 8
415 14
416 11
417 9
418 11
419 10
420 11
421 8
422 11
423 9
424 7
425 10
426 10
427 13
428 14
429 13
430 10
431 12
432 9
433 8
434 9
435 7
436 12
437 11
438 11
439 9
440 8
441 9
442 10
443 9
444 11
445 17
446 8
447 12
448 9
449 10
450 13
451 9
452 10
453 13
454 12
455 11
456 16
457 11
458 12
459 17
460 11
461 16
462 8
463 11
464 13
465 11
466 11
467 9
468 11
469 11
470 11
471 12
472 9
473 13
474 14
475 11
476 11
477 14
478 13
479 9
480 13
481 14
482 11
483 10
484 11
485 13
486 14
487 11
488 10
489 9
490 13
491 15
492 12
493 8
494 12
495 13
496 10
497 13
498 10
499 10
500 11
