0 85
1 13
2 7
3 11
4 12
5 14
6 11
7 12
8 11
9 10
10 12
11 11
12 10
13 9
14 10
15 14
16 11
17 10
18 14
19 10
20 10
21 12
22 12
23 8
24 11
25 11
26 14
27 11
28 9
29 10
30 10
31 11
32 12
33 9
34 9
35 15
36 11
37 11
38 11
39 12
40 11
41 8
42 14
43 11
44 12
45 11
46 13
47 14
48 8
49 13
50 14
51 13
52 9
53 14
54 8
55 14
56 7
57 9
58 12
59 14
60 9
61 9
62 9
63 13
64 10
65 8
66 10
67 8
68 11
69 12
70 12
71 9
72 14
73 11
74 11
75 10
76 8
77 7
78 10
79 15
80 13
81 9
82 9
83 11
84 8
85 11
86 12
87 10
88 8
89 12
90 13
91 15
92 10
93 11
94 9
95 9
96 10
97 12
98 10
99 11
100 13
101 9
102 13
103 9
104 13
105 10
106 14
107 14
108 10
109 11
110 9
111 12
112 14
113 10
114 13
115 12
116 11
117 9
118 9
119 14
120 9
121 11
122 11
123 16
124 11
125 9
126 12
127 12
128 6
129 15
130 9
131 13
132 14
133 13
134 11
135 18
136 14
137 13
138 12
139 9
140 6
141 11
142 8
143 10
144 13
145 13
146 13
147 13
148 11
149 11
150 12
151 10
152 7
153 8
154 12
155 12
156 8
157 8
158 10
159 12
160 7
161 8
162 10
163 12
164 9
165 13
166 11
167 11
168 14
169 7
170 12
171 9
172 12
173 14
174 7
175 11
176 14
177 7
178 12
179 10
180 13
181 8
182 10
183 11
184 9
185 11
186 14
187 11
188 15
189 12
190 13
191 12
192 15
193 10
194 11
195 13
196 12
197 12
198 10
199 11
200 6
201 10
202 11
203 10
204 10
205 13
206 9
207 11
208 9
209 10
210 13
211 10
212 11
213 10
214 12
215 9
216 14
217 10
218 10
219 12
220 12
221 15
222 16
223 14
224 14
225 12
226 12
227 17
228 12
229 9
230 10
231 9
232 9
233 9
234 10
235 11
236 15
237 13
238 12
239 12
240 10
241 11
242 14
243 10
244 11
245 13
246 9
247 10
248 14
249 11
250 11
251 13
252 8
253 11
254 8
255 12
256 10
257 9
258 14
259 11
260 10
261 18
262 12
263 11
264 15
265 10
266 12
267 12
268 9
269 11
270 10
271 12
272 8
273 13
274 5
275 11
276 12
277 11
278 13
279 13
280 6
281 13
282 11
283 11
284 7
285 12
286 11
287 14
288 15
289 11
290 13
291 11
292 11
293 7
294 11
295 11
296 13
297 12
298 14
299 14
300 10
301 11
302 13
303 11
304 10
305 14
306 8
307 12
308 11
309 9
310 11
311 10
312 9
313 12
314 12
315 14
316 6
317 11
318 10
319 11
320 12
321 10
322 11
323 14
324 10
325 12
326 10
327 11
328 11
329 16
330 10
331 14
332 13
333 10
334 12
335 13
336 9
337 9
338 14
339 9
340 12
341 10
342 10
343 9
344 12
345 12
346 7
347 11
348 8
349 16
350 14
351 9
352 12
353 11
354 12
355 12
356 14
357 17
358 11
359 8
360 10
361 11
362 7
363 12
364 9
365 13
366 11
367 13
368 7
369 10
370 12
371 10
372 14
373 8
374 10
375 12
376 8
377 9
378 10
379 11
380 9
381 10
382 13
383 12
384 13
385 10
386 12
387 13
388 8
389 10
390 15
391 13
392 11
393 8
394 11
395 12
396 10
397 12
398 14
399 9
400 14
401 11
402 12
403 10
404 13
405 7
406 10
407 12
408 11
409 10
410 7
411 13
412 9
413 11
414 13
415 11
416 11
417 12
418 12
419 8
420 13
421 13
422 13
423 10
424 12
425 12
426 14
427 15
428 9
429 11
430 12
431 8
432 10
433 9
434 11
435 8
436 9
437 12
438 10
439 12
440 18
441 13
442 10
443 14
444 10
445 9
446 12
447 11
448 11
449 12
450 13
451 11
452 11
453 12
454 12
455 15
456 11
457 12
458 13
459 15
460 10
461 11
462 12
463 10
464 11
465 11
466 14
467 11
468 9
469 13
470 10
471 11
472 12
473 12
474 10
475 9
476 12
477 8
478 11
479 12
480 12
481 11
482 10
483 12
484 13
485 11
486 12
487 11
488 9
489 13
490 12
491 11
492 11
493 9
494 8
495 11
496 8
497 12
498 13
499 7
500 11
501 10
502 5
503 10
504 14
505 9
506 10
507 12
508 7
509 9
510 10
511 10
512 15
513 11
514 11
515 10
516 12
517 12
518 7
519 10
520 11
521 8
522 11
523 11
524 10
525 13
526 9
527 8
528 11
529 11
530 7
531 12
532 13
533 13
534 12
535 13
536 12
537 9
538 14
539 7
540 13
541 17
542 8
543 10
544 12
545 10
546 12
547 13
548 12
549 16
550 11
551 10
552 12
553 9
554 12
555 9
556 13
557 9
558 7
559 10
560 13
561 8
562 11
563 8
564 9
565 9
566 13
567 10
568 10
569 16
570 8
571 13
572 12
573 9
574 11
575 10
576 13
577 12
578 13
579 10
580 11
581 10
582 9
583 7
584 12
585 13
586 11
587 10
588 14
589 10
590 10
591 8
592 11
593 11
594 6
595 13
596 13
597 12
598 11
599 13
600 13
601 8
602 12
603 12
604 9
605 14
606 9
607 11
608 11
609 14
610 12
611 9
612 12
613 9
614 10
615 11
616 9
617 13
618 10
619 9
620 6
621 9
622 12
623 13
624 6
625 10
626 8
627 15
628 10
629 13
630 13
631 10
632 10
633 9
634 7
635 8
636 12
637 12
638 8
639 14
640 14
641 10
642 11
643 10
644 13
645 11
646 9
647 9
648 9
649 12
650 6
651 9
652 10
653 13
654 11
655 11
656 12
657 11
658 8
659 9
660 9
661 7
662 9
663 11
664 12
665 15
666 9
667 10
668 12
669 11
670 10
671 11
672 17
673 10
674 10
675 10
676 10
677 12
678 9
679 14
680 10
681 7
682 12
683 13
684 12
685 10
686 8
687 9
688 8
689 9
690 13
691 9
692 13
693 8
694 7
695 14
696 8
697 11
698 12
699 14
700 12
701 15
702 14
703 14
704 9
705 10
706 11
707 6
708 10
709 11
710 13
711 12
712 10
713 10
714 13
715 10
716 7
717 11
718 10
719 15
720 13
721 14
722 10
723 13
724 8
725 8
726 8
727 10
728 10
729 8
730 9
731 11
732 10
733 8
734 9
735 10
736 8
737 13
738 9
739 12
740 11
741 11
742 12
743 10
744 10
745 13
746 10
747 9
748 12
749 11
750 8
751 13
752 13
753 14
754 14
755 10
756 12
757 11
758 12
759 13
760 12
761 11
762 11
763 7
764 11
765 12
766 11
767 8
768 10
769 10
770 11
771 13
772 10
773 11
774 8
775 14
776 12
777 10
778 9
779 12
780 12
781 13
782 9
783 10
784 13
785 10
786 9
787 13
788 11
789 13
790 13
791 11
792 10
793 11
794 12
795 16
796 6
797 11
798 9
799 10
800 11
801 13
802 10
803 10
804 15
805 8
806 13
807 10
808 12
809 13
810 11
811 10
812 11
813 16
814 15
815 14
816 11
817 11
818 9
819 11
820 9
821 10
822 10
823 15
824 9
825 12
826 13
827 9
828 11
829 10
830 12
831 13
832 9
833 10
834 13
835 14
836 10
837 8
838 10
839 12
840 11
841 16
842 9
843 10
844 11
845 10
846 12
847 13
848 12
849 10
850 13
851 11
852 9
853 10
854 7
855 9
856 8
857 8
858 7
859 13
860 11
861 14
862 13
863 14
864 10
865 9
866 13
867 9
868 15
869 12
870 13
871 9
872 13
873 12
874 11
875 9
876 11
877 8
878 12
879 10
880 11
881 12
882 14
883 10
884 10
885 8
886 10
887 6
888 9
889 11
890 12
891 8
892 11
893 8
894 13
895 10
896 11
897 12
898 10
899 9
900 12
901 8
902 7
903 8
904 12
905 9
906 12
907 14
908 10
909 5
910 10
911 13
912 10
913 13
914 10
915 7
916 8
917 8
918 5
919 9
920 12
921 13
922 11
923 11
924 12
925 13
926 9
927 11
928 10
929 10
930 12
931 10
932 10
933 13
934 12
935 11
936 8
937 9
938 6
939 9
940 11
941 10
942 12
943 12
944 10
945 10
946 14
947 9
948 10
949 9
950 10
951 13
952 11
953 9
954 9
955 11
956 11
957 16
958 11
959 12
960 10
961 10
962 10
963 7
964 16
965 10
966 11
967 11
968 9
969 14
970 9
971 11
972 15
973 10
974 9
975 10
976 9
977 11
978 11
979 12
980 7
981 13
982 13
983 10
984 10
985 12
986 12
987 12
988 12
989 12
990 9
991 13
992 11
993 10
994 12
995 8
996 10
997 14
998 12
999 9
1000 10
1001 12
1002 9
1003 10
1004 8
1005 10
1006 11
1007 13
1008 8
1009 10
1010 10
1011 11
1012 14
1013 11
1014 11
1015 12
1016 8
1017 15
1018 9
1019 8
1020 13
1021 10
1022 11
1023 11
1024 10
1025 11
1026 9
1027 15
1028 8
1029 12
1030 13
1031 10
1032 11
1033 9
1034 14
1035 15
1036 9
1037 9
1038 10
1039 11
1040 12
1041 7
1042 11
1043 10
1044 11
1045 10
1046 9
1047 15
1048 15
1049 9
1050 12
1051 13
1052 9
1053 9
1054 13
1055 8
1056 12
1057 10
1058 10
1059 12
1060 11
1061 12
1062 11
1063 9
1064 12
1065 7
1066 12
1067 9
1068 14
1069 13
1070 11
1071 7
1072 13
1073 10
1074 15
1075 10
1076 8
1077 13
1078 10
1079 12
1080 12
1081 9
1082 9
1083 10
1084 11
1085 13
1086 11
1087 14
1088 9
1089 11
1090 12
1091 10
1092 13
1093 6
1094 11
1095 9
1096 13
1097 12
1098 6
1099 11
1100 13
1101 17
1102 10
1103 9
1104 14
1105 10
1106 10
1107 12
1108 10
1109 15
1110 11
1111 14
1112 13
1113 11
1114 15
1115 12
1116 13
1117 13
1118 11
1119 8
1120 13
1121 10
1122 8
1123 10
1124 12
1125 10
1126 15
1127 6
1128 13
1129 11
1130 10
1131 9
1132 9
1133 14
1134 11
1135 14
1136 10
1137 9
1138 12
1139 9
1140 11
1141 4
1142 14
1143 12
1144 14
1145 16
1146 11
1147 12
1148 8
1149 12
1150 13
1151 8
1152 7
1153 11
1154 12
1155 13
1156 11
1157 11
1158 12
1159 11
1160 12
1161 10
1162 12
1163 15
1164 15
1165 9
1166 12
1167 10
1168 11
1169 9
1170 12
1171 9
1172 11
1173 10
1174 15
1175 15
1176 10
1177 12
1178 8
1179 10
1180 17
1181 10
1182 11
1183 10
1184 11
1185 9
1186 9
1187 8
1188 8
1189 13
1190 13
1191 12
1192 11
1193 14
1194 11
1195 10
1196 12
1197 14
1198 13
1199 12
1200 11
1201 8
1202 8
1203 11
1204 12
1205 14
1206 12
1207 13
1208 12
1209 12
1210 9
1211 12
1212 10
1213 10
1214 14
1215 14
1216 10
1217 14
1218 9
1219 14
1220 15
1221 11
1222 12
1223 13
1224 11
1225 8
1226 15
1227 11
1228 9
1229 7
1230 10
1231 11
1232 8
1233 11
1234 9
1235 11
1236 10
1237 10
1238 9
1239 12
1240 15
1241 9
1242 10
1243 9
1244 13
1245 11
1246 11
1247 10
1248 15
1249 11
1250 12
1251 12
1252 8
1253 10
1254 11
1255 13
1256 13
1257 11
1258 14
1259 9
1260 9
1261 11
1262 12
1263 9
1264 12
1265 9
1266 8
1267 11
1268 9
1269 11
1270 9
1271 11
1272 13
1273 10
1274 12
1275 5
1276 10
1277 8
1278 7
1279 8
1280 9
1281 11
1282 11
1283 12
1284 11
1285 14
1286 10
1287 11
1288 9
1289 12
1290 11
1291 14
1292 11
1293 13
1294 12
1295 15
1296 13
1297 11
1298 10
1299 12
1300 10
1301 12
1302 8
1303 10
1304 11
1305 8
1306 9
1307 9
1308 9
1309 11
1310 9
1311 9
1312 14
1313 12
1314 13
1315 10
1316 8
1317 12
1318 11
1319 13
1320 12
1321 12
1322 10
1323 9
1324 12
1325 14
1326 6
1327 15
1328 13
1329 11
1330 12
1331 15
1332 10
1333 13
1334 8
1335 10
1336 12
1337 11
1338 10
1339 11
1340 8
1341 9
1342 14
1343 8
1344 11
1345 15
1346 9
1347 7
1348 10
1349 12
1350 14
1351 12
1352 13
1353 11
1354 8
1355 11
1356 11
1357 13
1358 5
1359 10
1360 12
1361 11
1362 8
1363 13
1364 12
1365 12
1366 10
1367 11
1368 10
1369 16
1370 11
1371 16
1372 12
1373 14
1374 16
1375 10
1376 13
1377 15
1378 8
1379 11
1380 8
1381 11
1382 10
1383 13
1384 11
1385 10
1386 13
1387 12
1388 10
1389 13
1390 14
1391 10
1392 17
1393 6
1394 10
1395 7
1396 14
1397 8
1398 13
1399 10
1400 12
1401 12
1402 11
1403 12
1404 9
1405 12
1406 8
1407 12
1408 12
1409 10
1410 12
1411 9
1412 11
1413 6
1414 11
1415 10
1416 14
1417 12
1418 11
1419 14
1420 8
1421 10
1422 10
1423 13
1424 13
1425 12
1426 11
1427 11
1428 12
1429 10
1430 8
1431 12
1432 11
1433 13
1434 7
1435 13
1436 9
1437 14
1438 16
1439 11
1440 12
1441 8
1442 9
1443 11
1444 14
1445 12
1446 11
1447 14
1448 12
1449 11
1450 7
1451 11
1452 11
1453 13
1454 10
1455 11
1456 10
1457 10
1458 9
1459 14
1460 15
1461 14
1462 10
1463 12
1464 10
1465 9
1466 8
1467 11
1468 10
1469 13
1470 9
1471 7
1472 11
1473 16
1474 11
1475 11
1476 9
1477 10
1478 9
1479 11
1480 10
1481 9
1482 8
1483 11
1484 6
1485 7
1486 8
1487 12
1488 15
1489 12
1490 14
1491 10
1492 9
1493 11
1494 11
1495 11
1496 14
1497 16
1498 9
1499 14
1500 8
1501 14
1502 12
1503 13
1504 9
1505 14
1506 10
1507 12
1508 14
1509 6
1510 10
1511 9
1512 10
1513 11
1514 12
1515 13
1516 10
1517 8
1518 12
1519 8
1520 15
1521 11
1522 13
1523 8
1524 10
1525 8
1526 8
1527 9
1528 9
1529 11
1530 9
1531 13
1532 13
1533 17
1534 7
1535 10
1536 15
1537 11
1538 9
1539 12
1540 7
1541 11
1542 12
1543 14
1544 8
1545 8
1546 13
1547 11
1548 17
1549 15
1550 8
1551 5
1552 11
1553 14
1554 12
1555 7
1556 10
1557 12
1558 12
1559 13
1560 10
1561 9
1562 10
1563 10
1564 8
1565 12
1566 10
1567 8
1568 15
1569 13
1570 14
1571 14
1572 10
1573 12
1574 11
1575 11
1576 10
1577 13
1578 8
1579 12
1580 10
1581 9
1582 10
1583 15
1584 11
1585 14
1586 10
1587 12
1588 13
1589 11
1590 14
1591 11
1592 9
1593 10
1594 13
1595 7
1596 8
1597 10
1598 10
1599 13
1600 8
1601 8
1602 12
1603 11
1604 10
1605 12
1606 11
1607 10
1608 8
1609 12
1610 11
1611 9
1612 10
1613 10
1614 12
1615 10
1616 11
1617 14
1618 13
1619 12
1620 11
1621 11
1622 10
1623 12
1624 13
1625 14
1626 13
1627 11
1628 11
1629 11
1630 13
1631 8
1632 10
1633 9
1634 15
1635 13
1636 10
1637 11
1638 14
1639 11
1640 11
1641 8
1642 10
1643 7
1644 11
1645 13
1646 13
1647 6
1648 6
1649 9
1650 9
1651 12
1652 10
1653 13
1654 9
1655 9
1656 9
1657 8
1658 10
1659 12
1660 16
1661 12
1662 12
1663 14
1664 14
1665 12
1666 11
1667 11
1668 12
1669 10
1670 12
1671 11
1672 10
1673 8
1674 9
1675 10
1676 9
1677 11
1678 13
1679 9
1680 15
1681 11
1682 11
1683 11
1684 13
1685 10
1686 10
1687 11
1688 13
1689 13
1690 10
1691 11
1692 12
1693 10
1694 11
1695 12
1696 8
1697 9
1698 10
1699 14
1700 12
1701 10
1702 12
1703 12
1704 10
1705 15
1706 14
1707 13
1708 11
1709 13
1710 15
1711 11
1712 9
1713 10
1714 14
1715 12
1716 9
1717 12
1718 12
1719 10
1720 10
1721 8
1722 9
1723 10
1724 8
1725 9
1726 11
1727 9
1728 17
1729 11
1730 9
1731 10
1732 15
1733 10
1734 10
1735 10
1736 13
1737 12
1738 14
1739 11
1740 9
1741 13
1742 14
1743 9
1744 11
1745 13
1746 6
1747 11
1748 12
1749 11
1750 10
1751 10
1752 13
1753 11
1754 11
1755 12
1756 12
1757 15
1758 8
1759 9
1760 10
1761 12
1762 11
1763 8
1764 10
1765 8
1766 15
1767 8
1768 16
1769 10
1770 11
1771 12
1772 12
1773 8
1774 12
1775 9
1776 8
1777 13
1778 14
1779 13
1780 12
1781 9
1782 13
1783 12
1784 10
1785 13
1786 12
1787 13
1788 12
1789 13
1790 12
1791 12
1792 8
1793 14
1794 8
1795 15
1796 9
1797 9
1798 14
1799 9
1800 7
1801 11
1802 12
1803 8
1804 11
1805 10
1806 9
1807 16
1808 8
1809 14
1810 12
1811 8
1812 14
1813 11
1814 16
1815 12
1816 9
1817 11
1818 13
1819 14
1820 6
1821 16
1822 17
1823 9
1824 10
1825 8
1826 12
1827 10
1828 12
1829 9
1830 13
1831 10
1832 11
1833 16
1834 6
1835 13
1836 11
1837 13
1838 11
1839 10
1840 11
1841 12
1842 15
1843 15
1844 13
1845 10
1846 8
1847 9
1848 12
1849 14
1850 11
1851 6
1852 17
1853 10
1854 12
1855 10
1856 11
1857 11
1858 10
1859 8
1860 10
1861 6
1862 8
1863 11
1864 12
1865 11
1866 6
1867 12
1868 10
1869 13
1870 10
1871 12
1872 10
1873 9
1874 8
1875 9
1876 6
1877 7
1878 9
1879 10
1880 14
1881 11
1882 17
1883 11
1884 9
1885 12
1886 12
1887 12
1888 13
1889 9
1890 10
1891 12
1892 11
1893 10
1894 16
1895 11
1896 12
1897 8
1898 10
1899 13
1900 13
1901 11
1902 13
1903 13
1904 13
1905 12
1906 11
1907 9
1908 15
1909 7
1910 11
1911 9
1912 8
1913 9
1914 10
1915 11
1916 9
1917 16
1918 10
1919 10
1920 9
1921 13
1922 9
1923 8
1924 16
1925 10
1926 10
1927 9
1928 10
1929 10
1930 14
1931 12
1932 11
1933 7
1934 8
1935 11
1936 11
1937 12
1938 9
1939 10
1940 12
1941 12
1942 17
1943 8
1944 6
1945 11
1946 10
1947 12
1948 9
1949 11
1950 12
1951 14
1952 10
1953 11
1954 12
1955 8
1956 13
1957 9
1958 12
1959 11
1960 10
1961 10
1962 13
1963 17
1964 10
1965 10
1966 7
1967 9
1968 13
1969 11
1970 6
1971 10
1972 10
1973 13
1974 12
1975 15
1976 10
1977 11
1978 11
1979 9
1980 8
1981 12
1982 12
1983 12
1984 13
1985 8
1986 5
1987 10
1988 13
1989 7
1990 10
1991 10
1992 12
1993 10
1994 14
1995 11
1996 9
1997 12
1998 10
1999 13
2000 9
2001 10
2002 11
2003 12
2004 7
2005 13
2006 13
2007 14
2008 15
2009 13
2010 10
2011 13
2012 9
2013 13
2014 12
2015 9
2016 16
2017 14
2018 11
2019 9
2020 6
2021 10
2022 15
2023 16
2024 10
2025 14
2026 11
2027 9
2028 10
2029 10
2030 14
2031 14
2032 12
2033 11
2034 13
2035 10
2036 13
2037 10
2038 9
2039 13
2040 14
2041 10
2042 12
2043 18
2044 9
2045 10
2046 8
2047 12
2048 10
2049 13
2050 15
2051 12
2052 9
2053 11
2054 9
2055 13
2056 13
2057 14
2058 7
2059 9
2060 7
2061 9
2062 11
2063 11
2064 11
2065 11
2066 10
2067 12
2068 11
2069 11
2070 9
2071 10
2072 7
2073 10
2074 14
2075 13
2076 8
2077 6
2078 11
2079 11
2080 10
2081 5
2082 10
2083 9
2084 15
2085 12
2086 12
2087 9
2088 7
2089 10
2090 13
2091 11
2092 14
2093 12
2094 8
2095 9
2096 15
2097 10
2098 10
2099 8
2100 9
2101 13
2102 13
2103 9
2104 14
2105 13
2106 14
2107 10
2108 11
2109 9
2110 11
2111 10
2112 10
2113 9
2114 14
2115 11
2116 12
2117 9
2118 9
2119 16
2120 8
2121 8
2122 8
2123 11
2124 15
2125 11
2126 10
2127 9
2128 12
2129 6
2130 8
2131 10
2132 10
2133 10
2134 14
2135 11
2136 9
2137 9
2138 8
2139 12
2140 6
2141 14
2142 9
2143 11
2144 15
2145 13
2146 8
2147 18
2148 10
2149 13
2150 12
2151 10
2152 9
2153 9
2154 8
2155 11
2156 13
2157 12
2158 13
2159 13
2160 7
2161 14
2162 8
2163 8
2164 11
2165 11
2166 11
2167 8
2168 14
2169 12
2170 11
2171 13
2172 15
2173 8
2174 12
2175 16
2176 14
2177 9
2178 12
2179 11
2180 12
2181 10
2182 9
2183 6
2184 11
2185 8
2186 9
2187 13
2188 11
2189 9
2190 13
2191 11
2192 8
2193 13
2194 11
2195 10
2196 11
2197 11
2198 9
2199 13
2200 6
2201 8
2202 14
2203 13
2204 8
2205 14
2206 13
2207 12
2208 15
2209 12
2210 10
2211 11
2212 10
2213 13
2214 11
2215 8
2216 8
2217 11
2218 14
2219 7
2220 9
2221 14
2222 11
2223 7
2224 11
2225 13
2226 12
2227 8
2228 9
2229 11
2230 12
2231 12
2232 8
2233 10
2234 10
2235 12
2236 11
2237 13
2238 14
2239 11
2240 10
2241 9
2242 9
2243 10
2244 15
2245 7
2246 13
2247 9
2248 16
2249 10
2250 9
2251 11
2252 11
2253 11
2254 11
2255 12
2256 12
2257 15
2258 11
2259 10
2260 13
2261 8
2262 10
2263 12
2264 9
2265 12
2266 14
2267 12
2268 11
2269 13
2270 11
2271 7
2272 13
2273 16
2274 10
2275 11
2276 10
2277 10
2278 11
2279 12
2280 11
2281 13
2282 13
2283 8
2284 12
2285 10
2286 13
2287 12
2288 12
2289 14
2290 8
2291 10
2292 14
2293 15
2294 15
2295 9
2296 11
2297 10
2298 12
2299 6
2300 13
2301 14
2302 17
2303 10
2304 8
2305 11
2306 12
2307 12
2308 10
2309 11
2310 7
2311 12
2312 10
2313 11
2314 13
2315 13
2316 9
2317 9
2318 9
2319 11
2320 12
2321 8
2322 11
2323 12
2324 9
2325 14
2326 14
2327 12
2328 10
2329 11
2330 11
2331 14
2332 9
2333 10
2334 11
2335 11
2336 10
2337 9
2338 12
2339 11
2340 10
2341 9
2342 11
2343 10
2344 9
2345 12
2346 7
2347 13
2348 12
2349 7
2350 12
2351 15
2352 13
2353 11
2354 9
2355 11
2356 14
2357 8
2358 12
2359 11
2360 13
2361 12
2362 11
2363 8
2364 10
2365 12
2366 12
2367 16
2368 11
2369 10
2370 6
2371 10
2372 11
2373 10
2374 9
2375 10
2376 8
2377 12
2378 13
2379 10
2380 8
2381 5
2382 8
2383 7
2384 12
2385 13
2386 12
2387 8
2388 10
2389 12
2390 12
2391 13
2392 10
2393 15
2394 10
2395 8
2396 8
2397 13
2398 11
2399 11
2400 14
2401 11
2402 11
2403 8
2404 13
2405 12
2406 10
2407 12
2408 15
2409 10
2410 13
2411 13
2412 12
2413 11
2414 11
2415 10
2416 13
2417 13
2418 13
2419 10
2420 10
2421 9
2422 9
2423 12
2424 11
2425 11
2426 10
2427 10
2428 15
2429 8
2430 7
2431 12
2432 10
2433 8
2434 14
2435 10
2436 9
2437 10
2438 11
2439 16
2440 8
2441 11
2442 9
2443 10
2444 11
2445 11
2446 10
2447 10
2448 12
2449 13
2450 10
2451 8
2452 10
2453 11
2454 11
2455 14
2456 12
2457 9
2458 12
2459 12
2460 13
2461 14
2462 14
2463 10
2464 11
2465 15
2466 12
2467 13
2468 13
2469 5
2470 8
2471 10
2472 13
2473 16
2474 10
2475 10
2476 13
2477 10
2478 12
2479 13
2480 9
2481 16
2482 11
2483 12
2484 15
2485 14
2486 16
2487 8
2488 18
2489 12
2490 13
2491 10
2492 11
2493 11
2494 18
2495 12
2496 12
2497 11
2498 9
2499 13
2500 6
2501 13
2502 6
2503 10
2504 12
2505 11
2506 8
2507 15
2508 16
2509 13
2510 10
2511 8
2512 13
2513 14
2514 9
2515 14
2516 12
2517 11
2518 10
2519 10
2520 10
2521 13
2522 12
2523 7
2524 10
2525 10
2526 11
2527 14
2528 11
2529 8
2530 11
2531 11
2532 11
2533 8
2534 13
2535 10
2536 9
2537 12
2538 9
2539 12
2540 9
2541 9
2542 10
2543 13
2544 14
2545 9
2546 15
2547 10
2548 6
2549 14
2550 10
2551 12
2552 9
2553 10
2554 11
2555 12
2556 11
2557 14
2558 10
2559 11
2560 11
2561 13
2562 10
2563 9
2564 11
2565 11
2566 9
2567 11
2568 10
2569 14
2570 7
2571 9
2572 11
2573 11
2574 10
2575 11
2576 12
2577 11
2578 15
2579 10
2580 11
2581 11
2582 13
2583 12
2584 8
2585 10
2586 8
2587 11
2588 9
2589 15
2590 13
2591 10
2592 12
2593 14
2594 9
2595 12
2596 11
2597 9
2598 9
2599 11
2600 10
2601 12
2602 12
2603 11
2604 9
2605 14
2606 10
2607 9
2608 10
2609 12
2610 10
2611 8
2612 11
2613 8
2614 11
2615 12
2616 11
2617 13
2618 9
2619 12
2620 12
2621 13
2622 9
2623 9
2624 12
2625 11
2626 15
2627 12
2628 12
2629 9
2630 10
2631 7
2632 10
2633 10
2634 11
2635 8
2636 10
2637 9
2638 10
2639 14
2640 6
2641 15
2642 14
2643 12
2644 5
2645 14
2646 15
2647 7
2648 14
2649 10
2650 12
2651 11
2652 10
2653 15
2654 14
2655 8
2656 11
2657 9
2658 12
2659 10
2660 12
2661 9
2662 13
2663 12
2664 11
2665 10
2666 7
2667 10
2668 10
2669 5
2670 11
2671 10
2672 14
2673 11
2674 11
2675 9
2676 11
2677 11
2678 9
2679 7
2680 12
2681 12
2682 12
2683 13
2684 10
2685 8
2686 8
2687 13
2688 12
2689 12
2690 15
2691 14
2692 11
2693 15
2694 11
2695 13
2696 12
2697 9
2698 12
2699 9
2700 6
2701 9
2702 8
2703 13
2704 12
2705 11
2706 12
2707 10
2708 7
2709 14
2710 13
2711 10
2712 12
2713 12
2714 12
2715 13
2716 8
2717 14
2718 14
2719 11
2720 12
2721 12
2722 8
2723 9
2724 9
2725 14
2726 9
2727 11
2728 13
2729 12
2730 11
2731 10
2732 11
2733 8
2734 13
2735 11
2736 12
2737 10
2738 10
2739 11
2740 10
2741 12
2742 14
2743 12
2744 7
2745 14
2746 11
2747 15
2748 10
2749 9
2750 12
2751 7
2752 11
2753 12
2754 7
2755 9
2756 12
2757 9
2758 13
2759 10
2760 12
2761 11
2762 9
2763 11
2764 12
2765 12
2766 14
2767 13
2768 12
2769 7
2770 12
2771 11
2772 13
2773 10
2774 9
2775 12
2776 8
2777 11
2778 11
2779 15
2780 8
2781 8
2782 10
2783 10
2784 10
2785 13
2786 10
2787 9
2788 10
2789 14
2790 9
2791 12
2792 13
2793 14
2794 14
2795 12
2796 12
2797 10
2798 15
2799 15
2800 16
2801 8
2802 11
2803 10
2804 14
2805 11
2806 11
2807 11
2808 17
2809 13
2810 11
2811 9
2812 10
2813 13
2814 7
2815 5
2816 14
2817 12
2818 11
2819 8
2820 10
2821 5
2822 12
2823 10
2824 9
2825 8
2826 13
2827 14
2828 11
2829 7
2830 12
2831 11
2832 13
2833 13
2834 9
2835 12
2836 9
2837 11
2838 12
2839 11
2840 14
2841 7
2842 11
2843 11
2844 12
2845 7
2846 11
2847 15
2848 13
2849 12
2850 11
2851 14
2852 12
2853 10
2854 13
2855 15
2856 10
2857 16
2858 13
2859 12
2860 8
2861 13
2862 8
2863 12
2864 8
2865 11
2866 8
2867 13
2868 8
2869 15
2870 11
2871 12
2872 10
2873 9
2874 7
2875 11
2876 15
2877 15
2878 11
2879 12
2880 13
2881 12
2882 6
2883 12
2884 9
2885 10
2886 9
2887 11
2888 11
2889 13
2890 10
2891 11
2892 13
2893 10
2894 10
2895 13
2896 10
2897 8
2898 15
2899 11
2900 11
2901 11
2902 12
2903 14
2904 6
2905 11
2906 11
2907 5
2908 11
2909 10
2910 12
2911 12
2912 8
2913 10
2914 12
2915 10
2916 8
2917 12
2918 13
2919 11
2920 8
2921 7
2922 11
2923 12
2924 14
2925 8
2926 11
2927 16
2928 11
2929 11
2930 12
2931 9
2932 12
2933 12
2934 9
2935 12
2936 10
2937 14
2938 11
2939 10
2940 10
2941 12
2942 13
2943 12
2944 10
2945 9
2946 7
2947 14
2948 10
2949 8
2950 12
2951 12
2952 15
2953 10
2954 7
2955 11
2956 10
2957 14
2958 12
2959 12
2960 14
2961 11
2962 12
2963 14
2964 13
2965 10
2966 10
2967 10
2968 8
2969 9
2970 13
2971 13
2972 9
2973 8
2974 12
2975 12
2976 10
2977 13
2978 11
2979 11
2980 8
2981 12
2982 8
2983 12
2984 13
2985 14
2986 10
2987 13
2988 8
2989 10
2990 15
2991 10
2992 10
2993 10
2994 12
2995 13
2996 7
2997 13
2998 9
2999 10
3000 9
3001 10
3002 8
3003 13
3004 8
3005 11
3006 10
3007 12
3008 13
3009 13
3010 11
3011 8
3012 15
3013 12
3014 14
3015 8
3016 9
3017 9
3018 9
3019 13
3020 14
3021 11
3022 8
3023 9
3024 11
3025 11
3026 13
3027 10
3028 10
3029 13
3030 15
3031 14
3032 14
3033 11
3034 13
3035 13
3036 13
3037 9
3038 14
3039 10
3040 14
3041 11
3042 14
3043 13
3044 11
3045 11
3046 9
3047 9
3048 10
3049 11
3050 11
3051 14
3052 13
3053 7
3054 10
3055 10
3056 8
3057 13
3058 10
3059 8
3060 10
3061 6
3062 11
3063 10
3064 9
3065 12
3066 10
3067 10
3068 11
3069 12
3070 11
3071 9
3072 9
3073 6
3074 11
3075 10
3076 13
3077 12
3078 13
3079 13
3080 10
3081 11
3082 13
3083 11
3084 8
3085 9
3086 12
3087 12
3088 12
3089 13
3090 10
3091 14
3092 12
3093 10
3094 13
3095 10
3096 15
3097 17
3098 9
3099 14
3100 14
3101 11
3102 11
3103 9
3104 15
3105 11
3106 13
3107 8
3108 9
3109 9
3110 12
3111 9
3112 10
3113 11
3114 10
3115 11
3116 10
3117 10
3118 13
3119 10
3120 12
3121 18
3122 8
3123 9
3124 12
3125 8
3126 10
3127 11
3128 12
3129 9
3130 10
3131 11
3132 11
3133 11
3134 12
3135 11
3136 13
3137 9
3138 12
3139 9
3140 12
3141 10
3142 12
3143 10
3144 9
3145 11
3146 13
3147 12
3148 12
3149 11
3150 12
3151 9
3152 9
3153 11
3154 8
3155 11
3156 12
3157 12
3158 12
3159 11
3160 14
3161 9
3162 9
3163 10
3164 15
3165 13
3166 9
3167 10
3168 6
3169 13
3170 8
3171 11
3172 12
3173 13
3174 12
3175 8
3176 15
3177 15
3178 12
3179 9
3180 12
3181 11
3182 14
3183 16
3184 11
3185 16
3186 8
3187 12
3188 11
3189 11
3190 11
3191 10
3192 12
3193 14
3194 10
3195 8
3196 14
3197 11
3198 10
3199 12
3200 13
3201 12
3202 11
3203 9
3204 10
3205 10
3206 12
3207 9
3208 11
3209 10
3210 11
3211 13
3212 10
3213 14
3214 10
3215 12
3216 12
3217 10
3218 7
3219 12
3220 14
3221 10
3222 12
3223 8
3224 13
3225 10
3226 9
3227 11
3228 13
3229 9
3230 14
3231 9
3232 10
3233 12
3234 11
3235 13
3236 6
3237 13
3238 10
3239 11
3240 15
3241 9
3242 9
3243 11
3244 12
3245 13
3246 11
3247 12
3248 10
3249 12
3250 8
3251 12
3252 10
3253 13
3254 7
3255 9
3256 13
3257 13
3258 12
3259 12
3260 9
3261 10
3262 9
3263 12
3264 10
3265 9
3266 15
3267 15
3268 14
3269 10
3270 8
3271 11
3272 11
3273 10
3274 9
3275 9
3276 13
3277 10
3278 8
3279 12
3280 12
3281 15
3282 12
3283 8
3284 11
3285 10
3286 10
3287 14
3288 14
3289 10
3290 15
3291 10
3292 13
3293 16
3294 13
3295 10
3296 14
3297 10
3298 8
3299 10
3300 13
3301 6
3302 12
3303 12
3304 16
3305 10
3306 11
3307 12
3308 16
3309 12
3310 11
3311 6
3312 9
3313 9
3314 9
3315 11
3316 14
3317 18
3318 9
3319 13
3320 13
3321 12
3322 13
3323 14
3324 16
3325 8
3326 8
3327 11
3328 11
3329 13
3330 10
3331 13
3332 10
3333 14
3334 12
3335 11
3336 9
3337 11
3338 9
3339 10
3340 11
3341 7
3342 11
3343 9
3344 8
3345 14
3346 11
3347 16
3348 10
3349 7
3350 12
3351 12
3352 11
3353 11
3354 14
3355 12
3356 9
3357 11
3358 12
3359 11
3360 13
3361 9
3362 12
3363 9
3364 13
3365 15
3366 7
3367 10
3368 13
3369 10
3370 6
3371 10
3372 11
3373 8
3374 6
3375 8
3376 11
3377 11
3378 9
3379 15
3380 10
3381 16
3382 8
3383 14
3384 9
3385 13
3386 13
3387 13
3388 10
3389 13
3390 15
3391 8
3392 11
3393 13
3394 12
3395 13
3396 7
3397 11
3398 12
3399 13
3400 9
3401 9
3402 10
3403 12
3404 11
3405 12
3406 13
3407 12
3408 14
3409 5
3410 11
3411 13
3412 9
3413 13
3414 13
3415 15
3416 18
3417 12
3418 10
3419 10
3420 11
3421 9
3422 14
3423 14
3424 12
3425 5
3426 10
3427 11
3428 9
3429 11
3430 11
3431 10
3432 10
3433 8
3434 11
3435 9
3436 13
3437 9
3438 12
3439 11
3440 10
3441 10
3442 13
3443 9
3444 10
3445 8
3446 12
3447 13
3448 12
3449 10
3450 7
3451 10
3452 10
3453 6
3454 10
3455 9
3456 9
3457 12
3458 12
3459 9
3460 9
3461 12
3462 10
3463 13
3464 10
3465 4
3466 9
3467 12
3468 8
3469 13
3470 10
3471 9
3472 10
3473 14
3474 11
3475 14
3476 10
3477 9
3478 14
3479 10
3480 12
3481 13
3482 9
3483 12
3484 10
3485 11
3486 8
3487 11
3488 8
3489 11
3490 11
3491 9
3492 12
3493 11
3494 11
3495 13
3496 10
3497 19
3498 9
3499 10
3500 9
3501 7
3502 12
3503 11
3504 9
3505 13
3506 8
3507 11
3508 9
3509 15
3510 10
3511 13
3512 9
3513 11
3514 12
3515 11
3516 11
3517 10
3518 13
3519 12
3520 13
3521 9
3522 13
3523 13
3524 14
3525 12
3526 11
3527 10
3528 8
3529 14
3530 11
3531 10
3532 10
3533 7
3534 11
3535 10
3536 14
3537 9
3538 12
3539 13
3540 11
3541 8
3542 11
3543 11
3544 14
3545 12
3546 14
3547 11
3548 10
3549 12
3550 10
3551 9
3552 12
3553 9
3554 11
3555 11
3556 9
3557 13
3558 11
3559 10
3560 9
3561 11
3562 10
3563 11
3564 13
3565 11
3566 10
3567 9
3568 14
3569 12
3570 13
3571 7
3572 12
3573 14
3574 10
3575 11
3576 11
3577 8
3578 12
3579 7
3580 10
3581 10
3582 11
3583 10
3584 10
3585 7
3586 11
3587 6
3588 11
3589 10
3590 14
3591 14
3592 15
3593 8
3594 13
3595 15
3596 11
3597 11
3598 9
3599 12
3600 12
3601 11
3602 11
3603 10
3604 14
3605 7
3606 10
3607 12
3608 7
3609 9
3610 12
3611 13
3612 15
3613 12
3614 14
3615 10
3616 11
3617 10
3618 15
3619 10
3620 11
3621 11
3622 12
3623 11
3624 10
3625 9
3626 11
3627 12
3628 14
3629 15
3630 11
3631 8
3632 11
3633 12
3634 9
3635 10
3636 11
3637 11
3638 10
3639 13
3640 12
3641 11
3642 12
3643 9
3644 13
3645 15
3646 13
3647 12
3648 10
3649 12
3650 11
3651 13
3652 12
3653 9
3654 11
3655 14
3656 15
3657 10
3658 9
3659 9
3660 14
3661 12
3662 8
3663 13
3664 12
3665 9
3666 10
3667 9
3668 10
3669 10
3670 13
3671 10
3672 13
3673 6
3674 9
3675 10
3676 10
3677 12
3678 10
3679 7
3680 13
3681 8
3682 11
3683 11
3684 9
3685 6
3686 11
3687 12
3688 10
3689 10
3690 12
3691 12
3692 9
3693 15
3694 8
3695 10
3696 10
3697 7
3698 13
3699 12
3700 8
3701 13
3702 12
3703 9
3704 9
3705 8
3706 12
3707 11
3708 8
3709 11
3710 10
3711 11
3712 7
3713 10
3714 12
3715 9
3716 9
3717 10
3718 11
3719 9
3720 12
3721 12
3722 10
3723 11
3724 11
3725 13
3726 10
3727 11
3728 12
3729 12
3730 10
3731 12
3732 11
3733 8
3734 7
3735 11
3736 9
3737 8
3738 9
3739 10
3740 13
3741 11
3742 10
3743 14
3744 11
3745 11
3746 11
3747 14
3748 11
3749 13
3750 10
3751 13
3752 12
3753 8
3754 12
3755 9
3756 11
3757 12
3758 12
3759 9
3760 11
3761 11
3762 10
3763 10
3764 7
3765 15
3766 8
3767 11
3768 11
3769 10
3770 12
3771 8
3772 13
3773 10
3774 14
3775 12
3776 9
3777 13
3778 9
3779 11
3780 11
3781 13
3782 7
3783 12
3784 9
3785 12
3786 10
3787 11
3788 12
3789 10
3790 11
3791 10
3792 10
3793 9
3794 9
3795 12
3796 13
3797 12
3798 12
3799 12
3800 12
3801 11
3802 13
3803 9
3804 15
3805 10
3806 11
3807 10
3808 12
3809 14
3810 11
3811 10
3812 9
3813 9
3814 13
3815 9
3816 12
3817 13
3818 9
3819 10
3820 7
3821 13
3822 10
3823 9
3824 11
3825 9
3826 10
3827 10
3828 12
3829 13
3830 12
3831 12
3832 10
3833 14
3834 6
3835 14
3836 12
3837 7
3838 12
3839 13
3840 13
3841 10
3842 11
3843 9
3844 9
3845 11
3846 9
3847 15
3848 10
3849 11
3850 12
3851 9
3852 10
3853 14
3854 10
3855 13
3856 8
3857 9
3858 11
3859 9
3860 11
3861 15
3862 10
3863 11
3864 12
3865 12
3866 9
3867 10
3868 14
3869 11
3870 8
3871 8
3872 17
3873 10
3874 8
3875 8
3876 11
3877 10
3878 8
3879 10
3880 11
3881 11
3882 13
3883 8
3884 11
3885 11
3886 7
3887 9
3888 12
3889 7
3890 9
3891 8
3892 12
3893 10
3894 13
3895 9
3896 14
3897 9
3898 10
3899 11
3900 7
3901 10
3902 10
3903 12
3904 16
3905 10
3906 9
3907 12
3908 9
3909 8
3910 8
3911 9
3912 11
3913 13
3914 14
3915 18
3916 12
3917 16
3918 8
3919 9
3920 8
3921 10
3922 11
3923 9
3924 13
3925 11
3926 16
3927 9
3928 11
3929 8
3930 9
3931 13
3932 10
3933 13
3934 13
3935 10
3936 12
3937 11
3938 8
3939 10
3940 14
3941 15
3942 12
3943 9
3944 11
3945 13
3946 15
3947 11
3948 16
3949 6
3950 8
3951 11
3952 13
3953 10
3954 13
3955 13
3956 10
3957 10
3958 9
3959 10
3960 11
3961 9
3962 9
3963 7
3964 9
3965 9
3966 11
3967 10
3968 10
3969 13
3970 15
3971 15
3972 12
3973 12
3974 14
3975 9
3976 6
3977 7
3978 10
3979 11
3980 7
3981 8
3982 11
3983 10
3984 11
3985 13
3986 14
3987 12
3988 13
3989 9
3990 13
3991 8
3992 9
3993 10
3994 6
3995 12
3996 11
3997 11
3998 12
3999 9
4000 9
4001 9
4002 11
4003 7
4004 7
4005 10
4006 13
4007 10
4008 8
4009 12
4010 12
4011 13
4012 11
4013 8
4014 11
4015 13
4016 12
4017 11
4018 8
4019 12
4020 7
4021 9
4022 11
4023 15
4024 13
4025 5
4026 10
4027 10
4028 12
4029 10
4030 12
4031 11
4032 10
4033 14
4034 12
4035 13
4036 10
4037 10
4038 11
4039 10
4040 7
4041 15
4042 8
4043 13
4044 9
4045 12
4046 10
4047 11
4048 8
4049 10
4050 5
4051 7
4052 11
4053 14
4054 8
4055 14
4056 6
4057 11
4058 10
4059 12
4060 14
4061 5
4062 11
4063 12
4064 10
4065 12
4066 8
4067 14
4068 10
4069 12
4070 12
4071 10
4072 7
4073 12
4074 8
4075 6
4076 12
4077 15
4078 12
4079 15
4080 6
4081 11
4082 7
4083 10
4084 12
4085 8
4086 11
4087 9
4088 11
4089 10
4090 9
4091 10
4092 9
4093 11
4094 15
4095 10
4096 13
4097 14
4098 12
4099 10
4100 8
4101 12
4102 11
4103 15
4104 10
4105 10
4106 13
4107 10
4108 9
4109 12
4110 12
4111 13
4112 10
4113 8
4114 11
4115 14
4116 12
4117 12
4118 8
4119 13
4120 9
4121 10
4122 11
4123 10
4124 10
4125 11
4126 9
4127 12
4128 8
4129 10
4130 14
4131 11
4132 8
4133 10
4134 12
4135 12
4136 11
4137 11
4138 8
4139 11
4140 10
4141 7
4142 13
4143 8
4144 8
4145 13
4146 11
4147 9
4148 10
4149 10
4150 11
4151 13
4152 13
4153 8
4154 12
4155 12
4156 11
4157 11
4158 11
4159 13
4160 9
4161 10
4162 10
4163 12
4164 11
4165 11
4166 13
4167 12
4168 14
4169 12
4170 11
4171 11
4172 12
4173 12
4174 6
4175 9
4176 14
4177 9
4178 13
4179 12
4180 9
4181 11
4182 13
4183 12
4184 7
4185 13
4186 10
4187 10
4188 8
4189 12
4190 11
4191 12
4192 13
4193 11
4194 13
4195 9
4196 13
4197 13
4198 13
4199 12
4200 8
4201 8
4202 13
4203 11
4204 11
4205 10
4206 7
4207 10
4208 11
4209 10
4210 12
4211 9
4212 10
4213 13
4214 11
4215 12
4216 14
4217 12
4218 11
4219 11
4220 7
4221 9
4222 13
4223 8
4224 12
4225 10
4226 12
4227 11
4228 14
4229 10
4230 10
4231 9
4232 10
4233 11
4234 16
4235 11
4236 11
4237 12
4238 10
4239 12
4240 8
4241 11
4242 12
4243 15
4244 10
4245 13
4246 10
4247 8
4248 12
4249 12
4250 13
4251 13
4252 9
4253 14
4254 8
4255 10
4256 12
4257 9
4258 12
4259 12
4260 7
4261 6
4262 9
4263 7
4264 8
4265 10
4266 11
4267 12
4268 15
4269 10
4270 11
4271 9
4272 11
4273 9
4274 6
4275 9
4276 15
4277 13
4278 14
4279 15
4280 11
4281 13
4282 13
4283 13
4284 13
4285 8
4286 11
4287 12
4288 12
4289 10
4290 10
4291 8
4292 12
4293 11
4294 13
4295 10
4296 10
4297 7
4298 12
4299 10
4300 13
4301 13
4302 9
4303 10
4304 10
4305 8
4306 12
4307 15
4308 10
4309 8
4310 9
4311 11
4312 8
4313 10
4314 11
4315 11
4316 13
4317 14
4318 10
4319 14
4320 16
4321 9
4322 12
4323 14
4324 8
4325 12
4326 13
4327 11
4328 9
4329 15
4330 12
4331 12
4332 9
4333 12
4334 9
4335 9
4336 12
4337 9
4338 11
4339 9
4340 11
4341 7
4342 10
4343 12
4344 13
4345 12
4346 12
4347 14
4348 12
4349 10
4350 8
4351 12
4352 8
4353 12
4354 11
4355 10
4356 12
4357 9
4358 8
4359 13
4360 12
4361 9
4362 6
4363 13
4364 13
4365 8
4366 12
4367 10
4368 8
4369 11
4370 7
4371 12
4372 11
4373 12
4374 13
4375 10
4376 14
4377 12
4378 16
4379 10
4380 8
4381 6
4382 11
4383 11
4384 12
4385 11
4386 11
4387 9
4388 8
4389 15
4390 11
4391 15
4392 7
4393 11
4394 12
4395 15
4396 9
4397 12
4398 8
4399 8
4400 12
4401 9
4402 14
4403 12
4404 12
4405 16
4406 16
4407 10
4408 10
4409 13
4410 9
4411 15
4412 12
4413 8
4414 11
4415 14
4416 11
4417 11
4418 9
4419 12
4420 11
4421 11
4422 13
4423 11
4424 14
4425 10
4426 13
4427 11
4428 11
4429 11
4430 9
4431 11
4432 11
4433 8
4434 14
4435 10
4436 10
4437 8
4438 11
4439 9
4440 10
4441 8
4442 8
4443 10
4444 14
4445 12
4446 15
4447 13
4448 14
4449 9
4450 12
4451 11
4452 10
4453 11
4454 10
4455 7
4456 11
4457 8
4458 17
4459 14
4460 13
4461 13
4462 14
4463 14
4464 11
4465 9
4466 11
4467 11
4468 11
4469 13
4470 14
4471 11
4472 11
4473 14
4474 10
4475 12
4476 10
4477 12
4478 15
4479 12
4480 11
4481 8
4482 9
4483 18
4484 14
4485 9
4486 12
4487 8
4488 10
4489 11
4490 9
4491 10
4492 9
4493 12
4494 12
4495 11
4496 13
4497 9
4498 8
4499 15
4500 8
4501 9
4502 13
4503 13
4504 13
4505 8
4506 11
4507 12
4508 18
4509 8
4510 12
4511 13
4512 14
4513 10
4514 10
4515 12
4516 14
4517 8
4518 12
4519 12
4520 12
4521 7
4522 13
4523 11
4524 10
4525 16
4526 12
4527 7
4528 9
4529 9
4530 14
4531 8
4532 12
4533 9
4534 9
4535 9
4536 8
4537 12
4538 12
4539 11
4540 9
4541 10
4542 11
4543 10
4544 13
4545 9
4546 15
4547 10
4548 10
4549 13
4550 12
4551 10
4552 10
4553 7
4554 10
4555 8
4556 8
4557 14
4558 13
4559 11
4560 9
4561 14
4562 13
4563 8
4564 15
4565 8
4566 13
4567 11
4568 9
4569 12
4570 12
4571 11
4572 12
4573 11
4574 11
4575 12
4576 10
4577 12
4578 9
4579 12
4580 11
4581 13
4582 13
4583 8
4584 15
4585 12
4586 13
4587 9
4588 10
4589 12
4590 16
4591 13
4592 13
4593 8
4594 9
4595 12
4596 7
4597 13
4598 11
4599 13
4600 10
4601 6
4602 10
4603 14
4604 13
4605 12
4606 9
4607 13
4608 11
4609 12
4610 12
4611 12
4612 9
4613 14
4614 15
4615 13
4616 10
4617 11
4618 10
4619 9
4620 9
4621 9
4622 7
4623 10
4624 10
4625 10
4626 11
4627 11
4628 9
4629 12
4630 9
4631 9
4632 12
4633 9
4634 11
4635 9
4636 7
4637 11
4638 6
4639 12
4640 11
4641 10
4642 12
4643 13
4644 13
4645 14
4646 9
4647 13
4648 15
4649 14
4650 9
4651 10
4652 10
4653 9
4654 11
4655 10
4656 9
4657 11
4658 8
4659 10
4660 14
4661 9
4662 10
4663 10
4664 9
4665 8
4666 13
4667 8
4668 9
4669 10
4670 10
4671 9
4672 11
4673 12
4674 13
4675 10
4676 13
4677 8
4678 10
4679 10
4680 10
4681 8
4682 10
4683 11
4684 10
4685 13
4686 10
4687 9
4688 14
4689 17
4690 13
4691 9
4692 10
4693 11
4694 10
4695 12
4696 10
4697 9
4698 9
4699 11
4700 9
4701 7
4702 10
4703 11
4704 13
4705 8
4706 8
4707 10
4708 10
4709 13
4710 12
4711 8
4712 9
4713 11
4714 13
4715 10
4716 11
4717 15
4718 9
4719 8
4720 11
4721 11
4722 12
4723 13
4724 12
4725 9
4726 15
4727 10
4728 11
4729 11
4730 14
4731 8
4732 11
4733 10
4734 11
4735 12
4736 8
4737 10
4738 12
4739 10
4740 13
4741 12
4742 11
4743 11
4744 11
4745 12
4746 10
4747 12
4748 11
4749 12
4750 15
4751 11
4752 6
4753 13
4754 10
4755 8
4756 10
4757 13
4758 9
4759 11
4760 16
4761 14
4762 12
4763 14
4764 12
4765 10
4766 10
4767 10
4768 13
4769 9
4770 15
4771 11
4772 13
4773 13
4774 10
4775 12
4776 7
4777 13
4778 10
4779 9
4780 10
4781 10
4782 9
4783 13
4784 9
4785 11
4786 12
4787 9
4788 8
4789 10
4790 11
4791 12
4792 14
4793 14
4794 8
4795 9
4796 10
4797 12
4798 15
4799 10
4800 10
4801 9
4802 9
4803 7
4804 10
4805 8
4806 11
4807 11
4808 8
4809 9
4810 10
4811 10
4812 10
4813 12
4814 15
4815 13
4816 11
4817 12
4818 9
4819 9
4820 10
4821 10
4822 10
4823 13
4824 15
4825 11
4826 8
4827 12
4828 9
4829 17
4830 16
4831 10
4832 13
4833 11
4834 10
4835 9
4836 11
4837 12
4838 6
4839 11
4840 12
4841 9
4842 11
4843 12
4844 12
4845 9
4846 12
4847 12
4848 13
4849 14
4850 12
4851 11
4852 9
4853 11
4854 9
4855 13
4856 11
4857 13
4858 10
4859 8
4860 7
4861 14
4862 8
4863 11
4864 9
4865 14
4866 12
4867 10
4868 11
4869 14
4870 11
4871 10
4872 14
4873 10
4874 10
4875 11
4876 9
4877 11
4878 10
4879 13
4880 9
4881 11
4882 8
4883 16
4884 12
4885 8
4886 12
4887 12
4888 9
4889 12
4890 9
4891 11
4892 9
4893 14
4894 9
4895 10
4896 12
4897 10
4898 11
4899 12
4900 14
4901 12
4902 10
4903 11
4904 8
4905 11
4906 10
4907 7
4908 14
4909 6
4910 11
4911 11
4912 14
4913 12
4914 12
4915 14
4916 13
4917 13
4918 11
4919 15
4920 4
4921 13
4922 14
4923 14
4924 8
4925 12
4926 10
4927 9
4928 9
4929 13
4930 12
4931 14
4932 11
4933 8
4934 14
4935 9
4936 11
4937 13
4938 11
4939 12
4940 11
4941 14
4942 13
4943 12
4944 12
4945 12
4946 11
4947 12
4948 12
4949 8
4950 11
4951 12
4952 14
4953 11
4954 7
4955 10
4956 15
4957 13
4958 10
4959 13
4960 9
4961 9
4962 10
4963 15
4964 12
4965 11
4966 10
4967 12
4968 11
4969 5
4970 8
4971 12
4972 11
4973 12
4974 11
4975 10
4976 11
4977 10
4978 13
4979 11
4980 12
4981 8
4982 4
4983 13
4984 11
4985 13
4986 12
4987 14
4988 14
4989 11
4990 15
4991 11
4992 13
4993 11
4994 18
4995 13
4996 10
4997 9
4998 7
4999 12
5000 11
5001 15
5002 13
5003 11
5004 13
5005 6
5006 13
5007 15
5008 9
5009 13
5010 12
5011 12
5012 13
5013 7
5014 16
5015 9
5016 12
5017 13
5018 14
5019 12
5020 11
5021 12
5022 16
5023 11
5024 11
5025 14
5026 13
5027 10
5028 10
5029 14
5030 9
5031 13
5032 13
5033 8
5034 10
5035 12
5036 12
5037 14
5038 12
5039 8
5040 11
5041 5
5042 9
5043 7
5044 11
5045 13
5046 9
5047 8
5048 10
5049 12
5050 10
5051 9
5052 10
5053 12
5054 11
5055 11
5056 11
5057 9
5058 14
5059 12
5060 10
5061 8
5062 10
5063 10
5064 13
5065 11
5066 13
5067 10
5068 12
5069 10
5070 13
5071 11
5072 11
5073 9
5074 9
5075 13
5076 12
5077 11
5078 12
5079 12
5080 10
5081 13
5082 14
5083 13
5084 12
5085 8
5086 10
5087 14
5088 10
5089 10
5090 10
5091 8
5092 14
5093 10
5094 10
5095 11
5096 10
5097 13
5098 11
5099 8
5100 11
5101 11
5102 9
5103 7
5104 11
5105 14
5106 12
5107 10
5108 12
5109 14
5110 13
5111 9
5112 11
5113 13
5114 4
5115 8
5116 11
5117 13
5118 16
5119 9
5120 9
5121 10
5122 8
5123 11
5124 15
5125 11
5126 12
5127 9
5128 12
5129 10
5130 11
5131 11
5132 11
5133 11
5134 10
5135 16
5136 9
5137 7
5138 11
5139 6
5140 12
5141 12
5142 13
5143 13
5144 9
5145 13
5146 12
5147 9
5148 9
5149 11
5150 10
5151 14
5152 14
5153 13
5154 8
5155 10
5156 14
5157 11
5158 13
5159 10
5160 8
5161 14
5162 9
5163 11
5164 9
5165 11
5166 7
5167 8
5168 11
5169 11
5170 8
5171 12
5172 6
5173 13
5174 10
5175 8
5176 9
5177 11
5178 11
5179 11
5180 8
5181 12
5182 12
5183 9
5184 12
5185 6
5186 14
5187 12
5188 11
5189 10
5190 13
5191 12
5192 13
5193 12
5194 11
5195 13
5196 12
5197 11
5198 13
5199 11
5200 8
5201 11
5202 13
5203 9
5204 13
5205 14
5206 11
5207 10
5208 11
5209 12
5210 10
5211 12
5212 14
5213 14
5214 10
5215 12
5216 10
5217 10
5218 14
5219 10
5220 6
5221 9
5222 12
5223 10
5224 9
5225 9
5226 10
5227 10
5228 15
5229 14
5230 12
5231 13
5232 10
5233 10
5234 10
5235 9
5236 11
5237 9
5238 9
5239 10
5240 10
5241 12
5242 11
5243 7
5244 11
5245 10
5246 9
5247 8
5248 13
5249 12
5250 12
5251 14
5252 13
5253 10
5254 10
5255 11
5256 8
5257 8
5258 11
5259 12
5260 10
5261 11
5262 10
5263 11
5264 11
5265 9
5266 9
5267 8
5268 12
5269 10
5270 8
5271 16
5272 10
5273 13
5274 10
5275 13
5276 10
5277 11
5278 8
5279 12
5280 11
5281 15
5282 9
5283 9
5284 12
5285 13
5286 13
5287 12
5288 14
5289 9
5290 15
5291 10
5292 13
5293 11
5294 6
5295 12
5296 7
5297 11
5298 12
5299 11
5300 13
5301 10
5302 14
5303 13
5304 8
5305 11
5306 11
5307 11
5308 8
5309 10
5310 12
5311 8
5312 11
5313 10
5314 11
5315 8
5316 11
5317 11
5318 9
5319 10
5320 14
5321 12
5322 11
5323 8
5324 11
5325 13
5326 7
5327 11
5328 11
5329 10
5330 14
5331 11
5332 12
5333 13
5334 11
5335 6
5336 11
5337 12
5338 11
5339 11
5340 12
5341 13
5342 8
5343 10
5344 10
5345 14
5346 11
5347 12
5348 13
5349 10
5350 8
5351 8
5352 8
5353 10
5354 10
5355 7
5356 8
5357 7
5358 11
5359 17
5360 12
5361 13
5362 14
5363 8
5364 10
5365 8
5366 11
5367 12
5368 14
5369 11
5370 10
5371 15
5372 10
5373 10
5374 12
5375 10
5376 10
5377 11
5378 11
5379 11
5380 12
5381 12
5382 7
5383 6
5384 11
5385 9
5386 14
5387 10
5388 12
5389 10
5390 16
5391 11
5392 9
5393 12
5394 8
5395 10
5396 9
5397 12
5398 11
5399 4
5400 12
5401 11
5402 11
5403 11
5404 13
5405 15
5406 16
5407 12
5408 9
5409 11
5410 13
5411 10
5412 7
5413 8
5414 10
5415 11
5416 11
5417 10
5418 11
5419 10
5420 7
5421 11
5422 14
5423 13
5424 10
5425 12
5426 8
5427 9
5428 10
5429 12
5430 10
5431 6
5432 12
5433 13
5434 14
5435 13
5436 12
5437 15
5438 12
5439 12
5440 12
5441 9
5442 9
5443 11
5444 16
5445 12
5446 10
5447 13
5448 10
5449 13
5450 7
5451 9
5452 12
5453 12
5454 10
5455 10
5456 7
5457 8
5458 9
5459 7
5460 11
5461 12
5462 9
5463 15
5464 10
5465 8
5466 10
5467 10
5468 14
5469 9
5470 10
5471 15
5472 13
5473 8
5474 11
5475 9
5476 10
5477 12
5478 10
5479 10
5480 12
5481 13
5482 10
5483 9
5484 10
5485 11
5486 11
5487 12
5488 8
5489 8
5490 12
5491 11
5492 11
5493 11
5494 13
5495 11
5496 10
5497 9
5498 10
5499 14
5500 12
5501 13
5502 10
5503 11
5504 11
5505 7
5506 13
5507 9
5508 11
5509 8
5510 13
5511 8
5512 11
5513 9
5514 16
5515 7
5516 12
5517 11
5518 9
5519 10
5520 7
5521 11
5522 9
5523 12
5524 14
5525 12
5526 10
5527 13
5528 12
5529 15
5530 12
5531 10
5532 11
5533 12
5534 13
5535 17
5536 15
5537 11
5538 8
5539 11
5540 11
5541 13
5542 12
5543 11
5544 8
5545 10
5546 15
5547 11
5548 11
5549 13
5550 10
5551 10
5552 10
5553 10
5554 10
5555 11
5556 10
5557 8
5558 10
5559 12
5560 10
5561 11
5562 10
5563 15
5564 11
5565 13
5566 14
5567 13
5568 8
5569 7
5570 16
5571 9
5572 10
5573 11
5574 8
5575 11
5576 15
5577 7
5578 9
5579 14
5580 7
5581 9
5582 12
5583 17
5584 10
5585 7
5586 9
5587 12
5588 11
5589 10
5590 13
5591 12
5592 11
5593 9
5594 10
5595 10
5596 12
5597 8
5598 12
5599 12
5600 11
5601 11
5602 10
5603 14
5604 12
5605 11
5606 14
5607 9
5608 10
5609 12
5610 10
5611 11
5612 11
5613 13
5614 10
5615 11
5616 13
5617 8
5618 14
5619 12
5620 11
5621 10
5622 16
5623 10
5624 9
5625 8
5626 9
5627 9
5628 6
5629 11
5630 9
5631 11
5632 10
5633 10
5634 11
5635 10
5636 12
5637 12
5638 10
5639 12
5640 10
5641 13
5642 15
5643 10
5644 9
5645 8
5646 10
5647 8
5648 16
5649 13
5650 14
5651 13
5652 14
5653 10
5654 11
5655 10
5656 13
5657 15
5658 17
5659 9
5660 7
5661 11
5662 12
5663 13
5664 10
5665 8
5666 11
5667 10
5668 7
5669 10
5670 11
5671 11
5672 10
5673 9
5674 7
5675 14
5676 9
5677 10
5678 11
5679 12
5680 7
5681 12
5682 10
5683 12
5684 11
5685 11
5686 12
5687 8
5688 10
5689 12
5690 8
5691 12
5692 13
5693 12
5694 10
5695 8
5696 11
5697 10
5698 14
5699 11
5700 8
5701 10
5702 11
5703 16
5704 10
5705 11
5706 12
5707 10
5708 13
5709 9
5710 12
5711 9
5712 12
5713 12
5714 8
5715 11
5716 15
5717 7
5718 13
5719 7
5720 8
5721 9
5722 16
5723 14
5724 10
5725 9
5726 13
5727 11
5728 10
5729 10
5730 12
5731 10
5732 9
5733 9
5734 13
5735 12
5736 13
5737 8
5738 10
5739 7
5740 11
5741 12
5742 9
5743 8
5744 12
5745 13
5746 14
5747 10
5748 11
5749 11
5750 10
5751 15
5752 8
5753 9
5754 9
5755 8
5756 9
5757 13
5758 8
5759 11
5760 12
5761 8
5762 9
5763 10
5764 14
5765 9
5766 10
5767 10
5768 9
5769 13
5770 8
5771 12
5772 10
5773 12
5774 10
5775 8
5776 9
5777 11
5778 14
5779 14
5780 7
5781 9
5782 6
5783 12
5784 12
5785 8
5786 11
5787 10
5788 13
5789 9
5790 14
5791 11
5792 11
5793 10
5794 9
5795 10
5796 10
5797 12
5798 10
5799 10
5800 11
5801 10
5802 10
5803 11
5804 8
5805 5
5806 14
5807 11
5808 13
5809 12
5810 12
5811 11
5812 10
5813 11
5814 10
5815 9
5816 12
5817 13
5818 10
5819 12
5820 10
5821 13
5822 10
5823 9
5824 16
5825 9
5826 8
5827 11
5828 8
5829 8
5830 9
5831 12
5832 10
5833 12
5834 8
5835 12
5836 13
5837 9
5838 13
5839 13
5840 10
5841 11
5842 9
5843 13
5844 11
5845 15
5846 11
5847 4
5848 9
5849 12
5850 14
5851 12
5852 6
5853 18
5854 12
5855 12
5856 10
5857 11
5858 13
5859 12
5860 10
5861 10
5862 11
5863 8
5864 9
5865 10
5866 9
5867 11
5868 11
5869 10
5870 16
5871 15
5872 12
5873 10
5874 10
5875 11
5876 10
5877 11
5878 13
5879 14
5880 11
5881 10
5882 11
5883 12
5884 9
5885 12
5886 9
5887 15
5888 9
5889 9
5890 11
5891 10
5892 11
5893 9
5894 16
5895 7
5896 15
5897 10
5898 13
5899 12
5900 10
5901 11
5902 10
5903 10
5904 10
5905 13
5906 13
5907 13
5908 9
5909 11
5910 12
5911 11
5912 14
5913 10
5914 15
5915 12
5916 6
5917 9
5918 13
5919 8
5920 12
5921 9
5922 13
5923 10
5924 13
5925 9
5926 10
5927 8
5928 9
5929 9
5930 13
5931 11
5932 15
5933 12
5934 9
5935 13
5936 14
5937 12
5938 14
5939 11
5940 9
5941 11
5942 10
5943 7
5944 13
5945 10
5946 11
5947 14
5948 13
5949 8
5950 10
5951 13
5952 11
5953 15
5954 11
5955 8
5956 12
5957 11
5958 10
5959 12
5960 11
5961 13
5962 15
5963 10
5964 11
5965 13
5966 10
5967 7
5968 11
5969 10
5970 8
5971 12
5972 10
5973 15
5974 12
5975 15
5976 12
5977 10
5978 11
5979 11
5980 11
5981 12
5982 11
5983 12
5984 13
5985 9
5986 8
5987 12
5988 9
5989 12
5990 11
5991 12
5992 8
5993 12
5994 9
5995 12
5996 6
5997 9
5998 13
5999 11
6000 9
6001 10
6002 10
6003 11
6004 12
6005 14
6006 11
6007 12
6008 10
6009 11
6010 7
6011 12
6012 11
6013 10
6014 14
6015 11
6016 11
6017 12
6018 10
6019 8
6020 13
6021 12
6022 14
6023 12
6024 5
6025 10
6026 11
6027 11
6028 12
6029 13
6030 12
6031 12
6032 13
6033 7
6034 7
6035 16
6036 10
6037 8
6038 13
6039 11
6040 13
6041 11
6042 10
6043 13
6044 12
6045 13
6046 11
6047 6
6048 14
6049 16
6050 10
6051 13
6052 15
6053 11
6054 16
6055 13
6056 11
6057 11
6058 11
6059 12
6060 9
6061 15
6062 10
6063 14
6064 8
6065 10
6066 11
6067 11
6068 16
6069 12
6070 17
6071 10
6072 10
6073 9
6074 15
6075 13
6076 9
6077 9
6078 11
6079 9
6080 14
6081 9
6082 11
6083 12
6084 11
6085 11
6086 7
6087 13
6088 6
6089 10
6090 11
6091 10
6092 12
6093 9
6094 13
6095 11
6096 10
6097 8
6098 8
6099 10
6100 12
6101 15
6102 13
6103 8
6104 7
6105 14
6106 8
6107 10
6108 11
6109 14
6110 10
6111 12
6112 13
6113 10
6114 12
6115 9
6116 12
6117 15
6118 11
6119 14
6120 11
6121 9
6122 13
6123 11
6124 14
6125 9
6126 8
6127 15
6128 10
6129 9
6130 10
6131 13
6132 15
6133 12
6134 11
6135 13
6136 9
6137 8
6138 11
6139 14
6140 13
6141 7
6142 11
6143 11
6144 8
6145 16
6146 11
6147 11
6148 12
6149 14
6150 12
6151 12
6152 14
6153 10
6154 11
6155 11
6156 13
6157 10
6158 10
6159 11
6160 10
6161 13
6162 10
6163 15
6164 18
6165 15
6166 11
6167 14
6168 15
6169 7
6170 8
6171 10
6172 10
6173 9
6174 11
6175 10
6176 15
6177 11
6178 12
6179 8
6180 11
6181 10
6182 10
6183 11
6184 13
6185 10
6186 12
6187 12
6188 14
6189 13
6190 13
6191 10
6192 8
6193 11
6194 14
6195 11
6196 7
6197 10
6198 9
6199 10
6200 8
6201 12
6202 12
6203 9
6204 9
6205 9
6206 11
6207 11
6208 14
6209 10
6210 11
6211 11
6212 11
6213 12
6214 9
6215 10
6216 11
6217 9
6218 11
6219 10
6220 8
6221 6
6222 11
6223 11
6224 11
6225 10
6226 7
6227 8
6228 7
6229 11
6230 11
6231 11
6232 13
6233 6
6234 12
6235 12
6236 10
6237 11
6238 11
6239 14
6240 9
6241 10
6242 11
6243 14
6244 9
6245 14
6246 14
6247 11
6248 12
6249 13
6250 7
6251 12
6252 11
6253 10
6254 13
6255 12
6256 14
6257 10
6258 8
6259 10
6260 12
6261 13
6262 11
6263 9
6264 10
6265 19
6266 9
6267 16
6268 10
6269 9
6270 10
6271 10
6272 11
6273 10
6274 11
6275 12
6276 10
6277 9
6278 13
6279 11
6280 9
6281 7
6282 13
6283 11
6284 10
6285 11
6286 11
6287 14
6288 13
6289 9
6290 12
6291 12
6292 14
6293 10
6294 10
6295 15
6296 11
6297 12
6298 9
6299 13
6300 13
6301 11
6302 10
6303 14
6304 11
6305 13
6306 17
6307 10
6308 13
6309 12
6310 12
6311 8
6312 14
6313 14
6314 13
6315 11
6316 7
6317 15
6318 10
6319 11
6320 11
6321 12
6322 10
6323 9
6324 15
6325 11
6326 7
6327 11
6328 12
6329 11
6330 8
6331 9
6332 13
6333 12
6334 14
6335 16
6336 6
6337 13
6338 9
6339 11
6340 13
6341 16
6342 10
6343 9
6344 11
6345 9
6346 13
6347 13
6348 11
6349 11
6350 12
6351 10
6352 12
6353 12
6354 12
6355 9
6356 13
6357 15
6358 12
6359 9
6360 9
6361 15
6362 14
6363 9
6364 6
6365 13
6366 12
6367 14
6368 6
6369 12
6370 12
6371 9
6372 12
6373 13
6374 11
6375 9
6376 15
6377 9
6378 15
6379 13
6380 12
6381 14
6382 10
6383 13
6384 12
6385 13
6386 13
6387 11
6388 10
6389 11
6390 14
6391 13
6392 11
6393 13
6394 12
6395 11
6396 11
6397 13
6398 10
6399 13
6400 9
6401 15
6402 10
6403 8
6404 9
6405 14
6406 9
6407 8
6408 13
6409 9
6410 12
6411 9
6412 11
6413 9
6414 12
6415 8
6416 13
6417 10
6418 13
6419 8
6420 11
6421 16
6422 12
6423 10
6424 15
6425 9
6426 9
6427 9
6428 9
6429 13
6430 8
6431 17
6432 12
6433 14
6434 11
6435 11
6436 12
6437 11
6438 10
6439 14
6440 10
6441 11
6442 14
6443 11
6444 16
6445 15
6446 13
6447 10
6448 11
6449 8
6450 13
6451 12
6452 10
6453 10
6454 10
6455 9
6456 11
6457 10
6458 13
6459 14
6460 10
6461 6
6462 11
6463 10
6464 10
6465 10
6466 8
6467 8
6468 11
6469 12
6470 16
6471 7
6472 14
6473 14
6474 12
6475 8
6476 10
6477 11
6478 10
6479 12
6480 13
6481 15
6482 11
6483 14
6484 11
6485 9
6486 10
6487 14
6488 10
6489 12
6490 9
6491 12
6492 11
6493 8
6494 12
6495 13
6496 8
6497 9
6498 11
6499 10
6500 14
6501 12
6502 13
6503 7
6504 15
6505 11
6506 13
6507 11
6508 12
6509 13
6510 15
6511 13
6512 10
6513 8
6514 10
6515 15
6516 13
6517 12
6518 15
6519 11
6520 11
6521 14
6522 9
6523 10
6524 10
6525 7
6526 12
6527 10
6528 10
6529 16
6530 9
6531 12
6532 15
6533 11
6534 12
6535 15
6536 9
6537 11
6538 10
6539 10
6540 10
6541 14
6542 14
6543 10
6544 12
6545 12
6546 13
6547 10
6548 9
6549 11
6550 10
6551 12
6552 10
6553 14
6554 11
6555 9
6556 12
6557 14
6558 10
6559 11
6560 10
6561 7
6562 6
6563 11
6564 10
6565 10
6566 12
6567 14
6568 10
6569 10
6570 7
6571 14
6572 10
6573 11
6574 13
6575 9
6576 15
6577 10
6578 14
6579 8
6580 12
6581 9
6582 10
6583 9
6584 13
6585 12
6586 9
6587 10
6588 7
6589 10
6590 15
6591 14
6592 13
6593 11
6594 12
6595 11
6596 11
6597 12
6598 11
6599 11
6600 11
6601 11
6602 14
6603 8
6604 14
6605 10
6606 10
6607 8
6608 13
6609 9
6610 8
6611 7
6612 8
6613 10
6614 8
6615 13
6616 14
6617 14
6618 10
6619 13
6620 10
6621 10
6622 12
6623 7
6624 12
6625 10
6626 9
6627 11
6628 10
6629 12
6630 5
6631 9
6632 10
6633 11
6634 10
6635 12
6636 15
6637 11
6638 15
6639 14
6640 8
6641 7
6642 7
6643 15
6644 12
6645 11
6646 10
6647 16
6648 13
6649 15
6650 13
6651 14
6652 12
6653 13
6654 10
6655 17
6656 12
6657 9
6658 15
6659 13
6660 11
6661 14
6662 11
6663 11
6664 12
6665 12
6666 11
6667 9
6668 13
6669 10
6670 11
6671 12
6672 5
6673 5
6674 10
6675 12
6676 9
6677 10
6678 10
6679 16
6680 14
6681 15
6682 11
6683 10
6684 8
6685 11
6686 9
6687 9
6688 10
6689 9
6690 13
6691 12
6692 11
6693 14
6694 9
6695 9
6696 10
6697 15
6698 15
6699 11
6700 10
6701 6
6702 15
6703 8
6704 6
6705 10
6706 12
6707 10
6708 12
6709 13
6710 14
6711 11
6712 17
6713 9
6714 10
6715 15
6716 9
6717 14
6718 9
6719 8
6720 6
6721 12
6722 12
6723 10
6724 7
6725 12
6726 11
6727 11
6728 11
6729 11
6730 10
6731 10
6732 7
6733 11
6734 13
6735 11
6736 9
6737 10
6738 10
6739 11
6740 9
6741 9
6742 10
6743 8
6744 14
6745 15
6746 12
6747 9
6748 10
6749 11
6750 8
6751 8
6752 9
6753 10
6754 10
6755 10
6756 12
6757 12
6758 11
6759 9
6760 14
6761 12
6762 10
6763 12
6764 6
6765 11
6766 14
6767 13
6768 13
6769 13
6770 13
6771 11
6772 10
6773 11
6774 10
6775 10
6776 11
6777 10
6778 6
6779 9
6780 10
6781 9
6782 11
6783 8
6784 10
6785 10
6786 10
6787 12
6788 15
6789 11
6790 11
6791 12
6792 13
6793 15
6794 11
6795 14
6796 10
6797 14
6798 13
6799 14
6800 13
6801 11
6802 10
6803 13
6804 9
6805 12
6806 10
6807 12
6808 9
6809 8
6810 8
6811 10
6812 13
6813 14
6814 8
6815 9
6816 13
6817 10
6818 7
6819 12
6820 9
6821 12
6822 9
6823 10
6824 12
6825 13
6826 9
6827 11
6828 10
6829 11
6830 11
6831 10
6832 12
6833 9
6834 11
6835 11
6836 15
6837 12
6838 7
6839 16
6840 11
6841 12
6842 6
6843 13
6844 11
6845 10
6846 10
6847 13
6848 17
6849 11
6850 13
6851 10
6852 8
6853 6
6854 10
6855 12
6856 12
6857 8
6858 11
6859 10
6860 15
6861 8
6862 10
6863 8
6864 11
6865 12
6866 12
6867 7
6868 9
6869 9
6870 12
6871 15
6872 9
6873 15
6874 10
6875 11
6876 12
6877 13
6878 16
6879 12
6880 6
6881 12
6882 8
6883 11
6884 9
6885 14
6886 9
6887 10
6888 6
6889 12
6890 11
6891 12
6892 11
6893 13
6894 13
6895 9
6896 12
6897 12
6898 14
6899 8
6900 10
6901 11
6902 12
6903 12
6904 12
6905 13
6906 10
6907 10
6908 8
6909 8
6910 12
6911 13
6912 10
6913 13
6914 12
6915 16
6916 11
6917 7
6918 9
6919 14
6920 13
6921 9
6922 10
6923 10
6924 9
6925 14
6926 10
6927 14
6928 14
6929 13
6930 7
6931 11
6932 13
6933 14
6934 10
6935 7
6936 7
6937 9
6938 8
6939 15
6940 10
6941 10
6942 14
6943 11
6944 10
6945 11
6946 12
6947 6
6948 10
6949 11
6950 12
6951 10
6952 10
6953 12
6954 12
6955 9
6956 19
6957 13
6958 16
6959 8
6960 12
6961 12
6962 9
6963 13
6964 8
6965 8
6966 10
6967 7
6968 7
6969 13
6970 17
6971 11
6972 14
6973 10
6974 12
6975 12
6976 8
6977 12
6978 13
6979 10
6980 10
6981 7
6982 11
6983 10
6984 10
6985 7
6986 14
6987 6
6988 11
6989 11
6990 6
6991 11
6992 14
6993 14
6994 9
6995 12
6996 14
6997 12
6998 13
6999 9
7000 12
7001 13
7002 10
7003 7
7004 10
7005 13
7006 9
7007 12
7008 9
7009 13
7010 8
7011 8
7012 13
7013 6
7014 13
7015 10
7016 11
7017 14
7018 11
7019 17
7020 12
7021 7
7022 13
7023 11
7024 11
7025 11
7026 18
7027 8
7028 10
7029 9
7030 10
7031 13
7032 15
7033 11
7034 9
7035 12
7036 10
7037 8
7038 11
7039 12
7040 7
7041 10
7042 12
7043 14
7044 8
7045 12
7046 10
7047 8
7048 9
7049 14
7050 10
7051 8
7052 10
7053 10
7054 14
7055 11
7056 11
7057 9
7058 7
7059 13
7060 11
7061 9
7062 11
7063 11
7064 12
7065 10
7066 9
7067 13
7068 8
7069 10
7070 10
7071 8
7072 13
7073 9
7074 11
7075 13
7076 10
7077 9
7078 12
7079 10
7080 14
7081 10
7082 11
7083 8
7084 8
7085 9
7086 10
7087 14
7088 12
7089 10
7090 7
7091 16
7092 11
7093 11
7094 10
7095 11
7096 13
7097 10
7098 13
7099 10
7100 12
7101 12
7102 14
7103 10
7104 8
7105 10
7106 14
7107 9
7108 12
7109 9
7110 8
7111 9
7112 11
7113 15
7114 13
7115 15
7116 10
7117 8
7118 10
7119 9
7120 12
7121 13
7122 12
7123 13
7124 10
7125 10
7126 12
7127 12
7128 9
7129 8
7130 9
7131 7
7132 11
7133 10
7134 11
7135 16
7136 7
7137 10
7138 10
7139 9
7140 9
7141 12
7142 6
7143 12
7144 8
7145 11
7146 11
7147 14
7148 12
7149 10
7150 11
7151 11
7152 9
7153 9
7154 10
7155 9
7156 9
7157 12
7158 7
7159 11
7160 10
7161 12
7162 14
7163 10
7164 16
7165 10
7166 14
7167 16
7168 13
7169 12
7170 9
7171 13
7172 12
7173 13
7174 11
7175 11
7176 11
7177 9
7178 11
7179 11
7180 12
7181 11
7182 9
7183 9
7184 12
7185 11
7186 14
7187 13
7188 13
7189 8
7190 11
7191 9
7192 10
7193 12
7194 10
7195 13
7196 9
7197 9
7198 12
7199 14
7200 11
7201 10
7202 11
7203 13
7204 10
7205 10
7206 9
7207 15
7208 6
7209 9
7210 12
7211 9
7212 8
7213 11
7214 13
7215 11
7216 13
7217 10
7218 7
7219 9
7220 14
7221 14
7222 9
7223 17
7224 11
7225 13
7226 10
7227 12
7228 12
7229 10
7230 12
7231 9
7232 9
7233 9
7234 14
7235 8
7236 14
7237 12
7238 14
7239 9
7240 9
7241 8
7242 9
7243 12
7244 14
7245 11
7246 10
7247 10
7248 7
7249 11
7250 11
7251 12
7252 9
7253 7
7254 9
7255 12
7256 11
7257 12
7258 15
7259 15
7260 11
7261 13
7262 11
7263 12
7264 13
7265 14
7266 14
7267 10
7268 9
7269 10
7270 11
7271 9
7272 12
7273 12
7274 12
7275 11
7276 11
7277 9
7278 12
7279 13
7280 8
7281 10
7282 9
7283 12
7284 12
7285 11
7286 10
7287 9
7288 8
7289 11
7290 17
7291 11
7292 8
7293 11
7294 10
7295 12
7296 10
7297 13
7298 10
7299 10
7300 12
7301 10
7302 6
7303 9
7304 12
7305 11
7306 9
7307 11
7308 10
7309 12
7310 14
7311 10
7312 10
7313 9
7314 8
7315 10
7316 14
7317 11
7318 12
7319 12
7320 8
7321 9
7322 12
7323 9
7324 15
7325 12
7326 10
7327 11
7328 11
7329 7
7330 7
7331 9
7332 10
7333 8
7334 13
7335 10
7336 15
7337 9
7338 15
7339 17
7340 8
7341 13
7342 7
7343 11
7344 13
7345 12
7346 12
7347 8
7348 10
7349 8
7350 15
7351 9
7352 9
7353 11
7354 10
7355 10
7356 13
7357 8
7358 10
7359 10
7360 15
7361 10
7362 9
7363 11
7364 10
7365 9
7366 11
7367 10
7368 12
7369 11
7370 9
7371 9
7372 8
7373 13
7374 10
7375 11
7376 12
7377 10
7378 10
7379 7
7380 10
7381 9
7382 8
7383 11
7384 10
7385 7
7386 7
7387 11
7388 13
7389 14
7390 15
7391 13
7392 12
7393 10
7394 12
7395 11
7396 9
7397 8
7398 9
7399 13
7400 11
7401 11
7402 8
7403 14
7404 11
7405 10
7406 9
7407 10
7408 13
7409 10
7410 8
7411 10
7412 10
7413 9
7414 9
7415 7
7416 13
7417 15
7418 14
7419 12
7420 9
7421 8
7422 12
7423 11
7424 12
7425 9
7426 12
7427 8
7428 10
7429 10
7430 9
7431 13
7432 10
7433 12
7434 12
7435 13
7436 11
7437 10
7438 10
7439 8
7440 14
7441 12
7442 9
7443 10
7444 12
7445 11
7446 12
7447 8
7448 11
7449 11
7450 13
7451 15
7452 9
7453 10
7454 15
7455 11
7456 12
7457 10
7458 13
7459 9
7460 10
7461 9
7462 11
7463 11
7464 9
7465 8
7466 22
7467 10
7468 9
7469 12
7470 11
7471 10
7472 10
7473 12
7474 11
7475 12
7476 10
7477 10
7478 9
7479 10
7480 11
7481 9
7482 12
7483 13
7484 9
7485 12
7486 11
7487 11
7488 10
7489 11
7490 9
7491 12
7492 11
7493 11
7494 9
7495 10
7496 7
7497 14
7498 18
7499 9
7500 9
7501 14
7502 9
7503 10
7504 10
7505 10
7506 11
7507 13
7508 11
7509 12
7510 12
7511 14
7512 14
7513 16
7514 10
7515 11
7516 14
7517 12
7518 11
7519 13
7520 9
7521 11
7522 10
7523 11
7524 9
7525 13
7526 11
7527 9
7528 13
7529 13
7530 11
7531 12
7532 12
7533 12
7534 11
7535 7
7536 8
7537 10
7538 11
7539 11
7540 14
7541 12
7542 10
7543 10
7544 10
7545 12
7546 12
7547 11
7548 11
7549 12
7550 8
7551 9
7552 9
7553 8
7554 13
7555 12
7556 10
7557 15
7558 9
7559 13
7560 11
7561 10
7562 14
7563 9
7564 14
7565 5
7566 10
7567 10
7568 14
7569 10
7570 10
7571 8
7572 12
7573 12
7574 14
7575 10
7576 9
7577 14
7578 11
7579 12
7580 13
7581 9
7582 10
7583 10
7584 9
7585 11
7586 11
7587 8
7588 12
7589 12
7590 11
7591 11
7592 9
7593 10
7594 13
7595 9
7596 14
7597 11
7598 9
7599 13
7600 11
7601 11
7602 12
7603 9
7604 9
7605 10
7606 11
7607 9
7608 9
7609 12
7610 7
7611 9
7612 15
7613 8
7614 14
7615 15
7616 8
7617 11
7618 8
7619 10
7620 13
7621 9
7622 12
7623 10
7624 12
7625 9
7626 11
7627 9
7628 9
7629 9
7630 10
7631 13
7632 15
7633 7
7634 7
7635 17
7636 9
7637 8
7638 11
7639 10
7640 13
7641 14
7642 12
7643 14
7644 10
7645 11
7646 13
7647 8
7648 10
7649 11
7650 12
7651 11
7652 9
7653 9
7654 9
7655 9
7656 12
7657 13
7658 11
7659 10
7660 11
7661 11
7662 10
7663 16
7664 11
7665 11
7666 8
7667 14
7668 12
7669 12
7670 12
7671 10
7672 9
7673 13
7674 12
7675 9
7676 10
7677 12
7678 7
7679 10
7680 7
7681 11
7682 9
7683 8
7684 10
7685 8
7686 9
7687 13
7688 13
7689 11
7690 12
7691 11
7692 10
7693 12
7694 12
7695 11
7696 11
7697 10
7698 9
7699 14
7700 9
7701 11
7702 12
7703 12
7704 10
7705 11
7706 10
7707 10
7708 16
7709 7
7710 9
7711 9
7712 15
7713 11
7714 10
7715 12
7716 10
7717 8
7718 8
7719 8
7720 9
7721 12
7722 8
7723 12
7724 13
7725 11
7726 11
7727 8
7728 10
7729 10
7730 9
7731 13
7732 12
7733 11
7734 8
7735 13
7736 11
7737 7
7738 15
7739 9
7740 9
7741 9
7742 8
7743 12
7744 12
7745 10
7746 13
7747 9
7748 14
7749 14
7750 13
7751 14
7752 9
7753 9
7754 14
7755 13
7756 8
7757 10
7758 13
7759 11
7760 10
7761 11
7762 11
7763 15
7764 12
7765 9
7766 10
7767 12
7768 8
7769 11
7770 10
7771 10
7772 8
7773 9
7774 11
7775 12
7776 15
7777 17
7778 6
7779 11
7780 11
7781 14
7782 8
7783 13
7784 10
7785 9
7786 11
7787 9
7788 10
7789 14
7790 10
7791 10
7792 10
7793 8
7794 8
7795 12
7796 12
7797 11
7798 9
7799 7
7800 12
7801 9
7802 12
7803 13
7804 12
7805 13
7806 7
7807 12
7808 9
7809 11
7810 10
7811 13
7812 8
7813 14
7814 14
7815 9
7816 12
7817 9
7818 9
7819 9
7820 8
7821 13
7822 12
7823 11
7824 8
7825 12
7826 9
7827 11
7828 10
7829 10
7830 12
7831 9
7832 7
7833 13
7834 12
7835 13
7836 9
7837 11
7838 10
7839 9
7840 11
7841 7
7842 13
7843 10
7844 14
7845 12
7846 11
7847 11
7848 11
7849 10
7850 11
7851 12
7852 13
7853 10
7854 6
7855 9
7856 11
7857 10
7858 12
7859 7
7860 11
7861 11
7862 10
7863 9
7864 11
7865 10
7866 11
7867 13
7868 11
7869 11
7870 15
7871 10
7872 9
7873 11
7874 11
7875 8
7876 11
7877 7
7878 12
7879 12
7880 10
7881 11
7882 10
7883 12
7884 8
7885 15
7886 13
7887 10
7888 11
7889 16
7890 10
7891 5
7892 10
7893 11
7894 13
7895 10
7896 8
7897 13
7898 12
7899 12
7900 8
7901 12
7902 10
7903 14
7904 9
7905 11
7906 12
7907 12
7908 9
7909 9
7910 13
7911 12
7912 14
7913 13
7914 13
7915 14
7916 11
7917 8
7918 11
7919 10
7920 13
7921 14
7922 11
7923 11
7924 9
7925 11
7926 10
7927 11
7928 13
7929 12
7930 10
7931 12
7932 11
7933 12
7934 11
7935 10
7936 5
7937 10
7938 10
7939 14
7940 10
7941 8
7942 13
7943 13
7944 11
7945 12
7946 11
7947 12
7948 11
7949 12
7950 13
7951 11
7952 10
7953 12
7954 9
7955 15
7956 7
7957 14
7958 9
7959 8
7960 13
7961 9
7962 10
7963 10
7964 8
7965 9
7966 10
7967 13
7968 8
7969 14
7970 11
7971 9
7972 11
7973 7
7974 7
7975 14
7976 9
7977 12
7978 11
7979 9
7980 13
7981 11
7982 11
7983 10
7984 9
7985 12
7986 15
7987 9
7988 12
7989 11
7990 10
7991 12
7992 12
7993 11
7994 8
7995 10
7996 12
7997 9
7998 9
7999 10
8000 12
8001 13
8002 13
8003 10
8004 10
8005 9
8006 12
8007 11
8008 8
8009 11
8010 11
8011 12
8012 11
8013 11
8014 12
8015 9
8016 10
8017 10
8018 8
8019 12
8020 8
8021 9
8022 10
8023 8
8024 10
8025 11
8026 11
8027 10
8028 13
8029 13
8030 7
8031 12
8032 8
8033 11
8034 12
8035 10
8036 10
8037 12
8038 11
8039 12
8040 15
8041 14
8042 14
8043 6
8044 14
8045 11
8046 10
8047 13
8048 10
8049 12
8050 14
8051 12
8052 13
8053 9
8054 13
8055 11
8056 10
8057 9
8058 11
8059 15
8060 10
8061 9
8062 7
8063 10
8064 13
8065 12
8066 11
8067 11
8068 11
8069 12
8070 13
8071 8
8072 11
8073 8
8074 11
8075 13
8076 9
8077 15
8078 14
8079 7
8080 11
8081 10
8082 10
8083 9
8084 13
8085 13
8086 9
8087 6
8088 12
8089 12
8090 11
8091 14
8092 10
8093 11
8094 10
8095 12
8096 7
8097 15
8098 9
8099 11
8100 10
8101 8
8102 11
8103 10
8104 13
8105 14
8106 14
8107 11
8108 12
8109 12
8110 12
8111 7
8112 10
8113 9
8114 13
8115 13
8116 12
8117 12
8118 10
8119 10
8120 9
8121 13
8122 11
8123 12
8124 9
8125 12
8126 13
8127 7
8128 13
8129 14
8130 9
8131 9
8132 8
8133 8
8134 11
8135 12
8136 11
8137 11
8138 9
8139 12
8140 13
8141 11
8142 11
8143 13
8144 8
8145 13
8146 13
8147 11
8148 10
8149 16
8150 12
8151 11
8152 9
8153 10
8154 10
8155 11
8156 10
8157 12
8158 14
8159 8
8160 15
8161 13
8162 11
8163 10
8164 10
8165 13
8166 9
8167 9
8168 7
8169 7
8170 14
8171 8
8172 10
8173 12
8174 9
8175 8
8176 12
8177 15
8178 10
8179 15
8180 10
8181 9
8182 8
8183 12
8184 14
8185 9
8186 11
8187 11
8188 12
8189 13
8190 10
8191 11
8192 10
8193 10
8194 11
8195 10
8196 14
8197 9
8198 9
8199 14
8200 13
8201 9
8202 9
8203 11
8204 11
8205 10
8206 12
8207 11
8208 9
8209 11
8210 11
8211 11
8212 11
8213 11
8214 11
8215 9
8216 10
8217 12
8218 13
8219 9
8220 14
8221 12
8222 10
8223 14
8224 13
8225 12
8226 12
8227 11
8228 9
8229 8
8230 13
8231 13
8232 12
8233 13
8234 11
8235 10
8236 9
8237 12
8238 8
8239 12
8240 11
8241 11
8242 11
8243 9
8244 13
8245 13
8246 11
8247 10
8248 11
8249 11
8250 11
8251 10
8252 12
8253 11
8254 13
8255 13
8256 7
8257 7
8258 7
8259 12
8260 12
8261 11
8262 6
8263 12
8264 12
8265 12
8266 11
8267 13
8268 13
8269 11
8270 12
8271 14
8272 12
8273 14
8274 10
8275 13
8276 7
8277 8
8278 10
8279 12
8280 7
8281 7
8282 11
8283 11
8284 13
8285 10
8286 10
8287 15
8288 11
8289 11
8290 11
8291 12
8292 9
8293 10
8294 10
8295 11
8296 9
8297 8
8298 12
8299 9
8300 10
8301 8
8302 11
8303 15
8304 11
8305 14
8306 12
8307 9
8308 10
8309 10
8310 15
8311 9
8312 11
8313 11
8314 13
8315 11
8316 12
8317 7
8318 13
8319 10
8320 12
8321 11
8322 10
8323 10
8324 10
8325 9
8326 12
8327 16
8328 10
8329 10
8330 14
8331 10
8332 10
8333 9
8334 11
8335 10
8336 12
8337 10
8338 13
8339 13
8340 9
8341 8
8342 11
8343 8
8344 11
8345 10
8346 12
8347 5
8348 10
8349 14
8350 10
8351 11
8352 10
8353 13
8354 12
8355 8
8356 8
8357 11
8358 9
8359 7
8360 13
8361 13
8362 9
8363 14
8364 13
8365 13
8366 13
8367 9
8368 6
8369 11
8370 8
8371 11
8372 12
8373 12
8374 12
8375 11
8376 13
8377 9
8378 12
8379 13
8380 10
8381 7
8382 11
8383 7
8384 10
8385 9
8386 11
8387 13
8388 8
8389 8
8390 10
8391 13
8392 11
8393 8
8394 10
8395 11
8396 15
8397 14
8398 12
8399 12
8400 14
8401 11
8402 10
8403 12
8404 14
8405 11
8406 10
8407 11
8408 11
8409 12
8410 16
8411 8
8412 13
8413 10
8414 14
8415 10
8416 16
8417 10
8418 12
8419 10
8420 9
8421 12
8422 15
8423 11
8424 12
8425 11
8426 13
8427 12
8428 14
8429 10
8430 11
8431 9
8432 11
8433 9
8434 12
8435 11
8436 13
8437 11
8438 9
8439 10
8440 11
8441 14
8442 11
8443 11
8444 8
8445 13
8446 8
8447 12
8448 12
8449 9
8450 12
8451 12
8452 10
8453 8
8454 15
8455 8
8456 8
8457 8
8458 12
8459 9
8460 9
8461 12
8462 13
8463 11
8464 11
8465 12
8466 11
8467 13
8468 14
8469 7
8470 6
8471 14
8472 16
8473 11
8474 12
8475 11
8476 8
8477 9
8478 10
8479 16
8480 12
8481 11
8482 10
8483 9
8484 10
8485 6
8486 12
8487 9
8488 10
8489 9
8490 6
8491 10
8492 13
8493 12
8494 9
8495 9
8496 11
8497 8
8498 12
8499 13
8500 11
8501 8
8502 9
8503 14
8504 11
8505 9
8506 9
8507 12
8508 10
8509 15
8510 10
8511 9
8512 14
8513 12
8514 8
8515 8
8516 12
8517 17
8518 9
8519 11
8520 16
8521 9
8522 12
8523 11
8524 14
8525 12
8526 14
8527 10
8528 14
8529 6
8530 14
8531 9
8532 11
8533 11
8534 11
8535 10
8536 13
8537 12
8538 9
8539 9
8540 11
8541 9
8542 8
8543 12
8544 8
8545 12
8546 11
8547 13
8548 14
8549 15
8550 11
8551 11
8552 8
8553 11
8554 12
8555 11
8556 9
8557 9
8558 15
8559 12
8560 13
8561 11
8562 9
8563 7
8564 10
8565 12
8566 15
8567 10
8568 16
8569 9
8570 11
8571 13
8572 13
8573 9
8574 10
8575 5
8576 12
8577 14
8578 10
8579 17
8580 6
8581 8
8582 10
8583 10
8584 11
8585 9
8586 8
8587 12
8588 9
8589 6
8590 12
8591 11
8592 9
8593 12
8594 11
8595 15
8596 14
8597 9
8598 8
8599 15
8600 11
8601 8
8602 11
8603 10
8604 14
8605 14
8606 10
8607 10
8608 11
8609 7
8610 9
8611 11
8612 13
8613 9
8614 15
8615 12
8616 14
8617 10
8618 7
8619 10
8620 12
8621 12
8622 10
8623 12
8624 11
8625 11
8626 13
8627 12
8628 13
8629 15
8630 9
8631 8
8632 13
8633 15
8634 6
8635 14
8636 11
8637 9
8638 14
8639 10
8640 11
8641 10
8642 12
8643 12
8644 10
8645 8
8646 12
8647 10
8648 15
8649 11
8650 9
8651 12
8652 15
8653 11
8654 10
8655 13
8656 7
8657 13
8658 11
8659 15
8660 14
8661 8
8662 15
8663 9
8664 8
8665 9
8666 12
8667 9
8668 10
8669 14
8670 12
8671 16
8672 11
8673 11
8674 8
8675 12
8676 14
8677 10
8678 12
8679 9
8680 10
8681 15
8682 12
8683 16
8684 11
8685 12
8686 8
8687 6
8688 12
8689 10
8690 13
8691 11
8692 11
8693 10
8694 15
8695 9
8696 10
8697 10
8698 7
8699 11
8700 11
8701 12
8702 14
8703 15
8704 7
8705 12
8706 10
8707 13
8708 11
8709 11
8710 13
8711 10
8712 7
8713 9
8714 6
8715 13
8716 8
8717 11
8718 14
8719 9
8720 11
8721 12
8722 11
8723 11
8724 13
8725 15
8726 15
8727 10
8728 16
8729 13
8730 11
8731 8
8732 11
8733 14
8734 12
8735 10
8736 8
8737 8
8738 9
8739 8
8740 11
8741 11
8742 13
8743 11
8744 10
8745 9
8746 12
8747 12
8748 13
8749 16
8750 11
8751 12
8752 11
8753 12
8754 8
8755 12
8756 12
8757 11
8758 11
8759 14
8760 9
8761 12
8762 11
8763 9
8764 13
8765 13
8766 12
8767 11
8768 10
8769 10
8770 6
8771 7
8772 11
8773 16
8774 9
8775 10
8776 9
8777 12
8778 10
8779 16
8780 8
8781 11
8782 13
8783 12
8784 15
8785 13
8786 11
8787 5
8788 11
8789 12
8790 11
8791 6
8792 11
8793 10
8794 13
8795 11
8796 7
8797 15
8798 13
8799 14
8800 10
8801 10
8802 14
8803 6
8804 11
8805 10
8806 12
8807 12
8808 14
8809 11
8810 10
8811 9
8812 9
8813 8
8814 12
8815 14
8816 15
8817 11
8818 12
8819 13
8820 11
8821 8
8822 9
8823 12
8824 12
8825 13
8826 11
8827 13
8828 12
8829 14
8830 8
8831 10
8832 10
8833 11
8834 11
8835 10
8836 9
8837 8
8838 12
8839 11
8840 11
8841 12
8842 13
8843 10
8844 9
8845 10
8846 9
8847 11
8848 12
8849 7
8850 11
8851 12
8852 9
8853 10
8854 11
8855 11
8856 10
8857 10
8858 13
8859 17
8860 14
8861 8
8862 15
8863 11
8864 10
8865 11
8866 11
8867 14
8868 14
8869 12
8870 13
8871 10
8872 12
8873 11
8874 8
8875 10
8876 9
8877 10
8878 12
8879 12
8880 10
8881 13
8882 6
8883 10
8884 13
8885 12
8886 4
8887 10
8888 13
8889 11
8890 12
8891 8
8892 12
8893 11
8894 10
8895 13
8896 13
8897 9
8898 10
8899 14
8900 13
8901 10
8902 10
8903 14
8904 14
8905 11
8906 14
8907 13
8908 10
8909 17
8910 14
8911 10
8912 11
8913 11
8914 10
8915 13
8916 10
8917 12
8918 14
8919 12
8920 10
8921 14
8922 9
8923 10
8924 11
8925 11
8926 8
8927 13
8928 12
8929 10
8930 8
8931 14
8932 11
8933 10
8934 12
8935 10
8936 9
8937 11
8938 9
8939 14
8940 10
8941 11
8942 14
8943 14
8944 10
8945 7
8946 12
8947 7
8948 14
8949 9
8950 10
8951 12
8952 10
8953 12
8954 6
8955 14
8956 17
8957 10
8958 12
8959 13
8960 15
8961 15
8962 12
8963 13
8964 12
8965 8
8966 8
8967 13
8968 13
8969 8
8970 13
8971 10
8972 8
8973 8
8974 12
8975 15
8976 8
8977 14
8978 8
8979 10
8980 7
8981 10
8982 14
8983 12
8984 9
8985 9
8986 8
8987 8
8988 11
8989 6
8990 11
8991 11
8992 15
8993 11
8994 13
8995 10
8996 10
8997 11
8998 8
8999 11
9000 10
9001 8
9002 8
9003 10
9004 7
9005 17
9006 13
9007 10
9008 12
9009 16
9010 14
9011 10
9012 13
9013 10
9014 9
9015 8
9016 12
9017 9
9018 13
9019 13
9020 13
9021 13
9022 13
9023 14
9024 8
9025 10
9026 8
9027 13
9028 9
9029 9
9030 10
9031 9
9032 11
9033 9
9034 10
9035 12
9036 10
9037 14
9038 13
9039 10
9040 13
9041 9
9042 13
9043 10
9044 15
9045 12
9046 12
9047 5
9048 11
9049 11
9050 12
9051 13
9052 8
9053 10
9054 11
9055 11
9056 8
9057 11
9058 6
9059 11
9060 11
9061 10
9062 8
9063 10
9064 10
9065 15
9066 13
9067 17
9068 12
9069 7
9070 10
9071 10
9072 12
9073 9
9074 10
9075 12
9076 10
9077 12
9078 9
9079 12
9080 12
9081 9
9082 11
9083 15
9084 10
9085 11
9086 11
9087 10
9088 9
9089 11
9090 11
9091 16
9092 13
9093 11
9094 9
9095 12
9096 9
9097 8
9098 8
9099 9
9100 7
9101 12
9102 13
9103 14
9104 13
9105 11
9106 8
9107 13
9108 12
9109 12
9110 17
9111 13
9112 9
9113 11
9114 13
9115 10
9116 10
9117 12
9118 10
9119 11
9120 7
9121 12
9122 13
9123 11
9124 13
9125 9
9126 10
9127 13
9128 13
9129 11
9130 9
9131 10
9132 8
9133 9
9134 13
9135 12
9136 11
9137 13
9138 11
9139 10
9140 15
9141 10
9142 13
9143 12
9144 8
9145 7
9146 14
9147 8
9148 14
9149 12
9150 14
9151 10
9152 9
9153 8
9154 11
9155 10
9156 7
9157 15
9158 11
9159 7
9160 10
9161 12
9162 7
9163 11
9164 9
9165 13
9166 10
9167 9
9168 10
9169 15
9170 9
9171 11
9172 12
9173 9
9174 11
9175 12
9176 12
9177 12
9178 12
9179 8
9180 9
9181 12
9182 11
9183 11
9184 11
9185 8
9186 13
9187 13
9188 14
9189 11
9190 9
9191 8
9192 11
9193 11
9194 11
9195 10
9196 8
9197 14
9198 10
9199 11
9200 12
9201 10
9202 12
9203 12
9204 10
9205 10
9206 11
9207 14
9208 10
9209 9
9210 10
9211 14
9212 9
9213 13
9214 9
9215 15
9216 13
9217 11
9218 11
9219 9
9220 10
9221 10
9222 11
9223 13
9224 12
9225 8
9226 8
9227 12
9228 13
9229 13
9230 10
9231 14
9232 9
9233 9
9234 11
9235 13
9236 9
9237 8
9238 11
9239 9
9240 13
9241 9
9242 12
9243 14
9244 11
9245 10
9246 12
9247 14
9248 7
9249 9
9250 12
9251 9
9252 13
9253 10
9254 10
9255 11
9256 13
9257 16
9258 12
9259 12
9260 12
9261 10
9262 10
9263 9
9264 16
9265 10
9266 14
9267 8
9268 12
9269 13
9270 11
9271 10
9272 10
9273 8
9274 11
9275 12
9276 8
9277 11
9278 11
9279 9
9280 10
9281 8
9282 14
9283 11
9284 10
9285 9
9286 9
9287 11
9288 12
9289 14
9290 9
9291 12
9292 10
9293 14
9294 15
9295 11
9296 11
9297 10
9298 9
9299 8
9300 10
9301 11
9302 10
9303 9
9304 11
9305 11
9306 8
9307 15
9308 13
9309 11
9310 10
9311 11
9312 12
9313 9
9314 10
9315 16
9316 6
9317 9
9318 14
9319 12
9320 9
9321 11
9322 11
9323 14
9324 9
9325 13
9326 9
9327 11
9328 8
9329 11
9330 10
9331 12
9332 13
9333 12
9334 11
9335 9
9336 11
9337 11
9338 12
9339 9
9340 12
9341 11
9342 9
9343 9
9344 9
9345 9
9346 5
9347 15
9348 16
9349 13
9350 8
9351 12
9352 13
9353 14
9354 9
9355 11
9356 8
9357 13
9358 14
9359 12
9360 9
9361 13
9362 11
9363 14
9364 5
9365 14
9366 13
9367 11
9368 8
9369 9
9370 10
9371 9
9372 12
9373 12
9374 11
9375 10
9376 9
9377 11
9378 8
9379 13
9380 13
9381 11
9382 12
9383 7
9384 7
9385 10
9386 13
9387 12
9388 11
9389 9
9390 11
9391 9
9392 13
9393 9
9394 12
9395 12
9396 10
9397 9
9398 11
9399 9
9400 13
9401 13
9402 8
9403 9
9404 10
9405 10
9406 16
9407 10
9408 10
9409 8
9410 10
9411 10
9412 12
9413 11
9414 11
9415 12
9416 13
9417 11
9418 10
9419 13
9420 11
9421 10
9422 14
9423 11
9424 10
9425 10
9426 13
9427 9
9428 13
9429 13
9430 13
9431 12
9432 13
9433 13
9434 10
9435 9
9436 15
9437 14
9438 14
9439 9
9440 8
9441 16
9442 10
9443 10
9444 11
9445 9
9446 13
9447 13
9448 11
9449 11
9450 13
9451 12
9452 10
9453 12
9454 11
9455 11
9456 9
9457 10
9458 9
9459 18
9460 12
9461 12
9462 14
9463 12
9464 11
9465 13
9466 10
9467 11
9468 10
9469 12
9470 12
9471 13
9472 10
9473 10
9474 14
9475 13
9476 10
9477 12
9478 13
9479 7
9480 16
9481 10
9482 12
9483 12
9484 8
9485 11
9486 12
9487 9
9488 10
9489 12
9490 11
9491 8
9492 12
9493 10
9494 11
9495 13
9496 15
9497 11
9498 10
9499 15
9500 10
9501 9
9502 13
9503 9
9504 13
9505 10
9506 12
9507 10
9508 12
9509 9
9510 15
9511 13
9512 8
9513 10
9514 17
9515 15
9516 6
9517 10
9518 12
9519 12
9520 8
9521 11
9522 13
9523 13
9524 12
9525 14
9526 12
9527 11
9528 6
9529 11
9530 9
9531 9
9532 13
9533 11
9534 6
9535 10
9536 15
9537 9
9538 8
9539 13
9540 11
9541 12
9542 9
9543 12
9544 11
9545 9
9546 13
9547 10
9548 16
9549 12
9550 10
9551 11
9552 6
9553 14
9554 13
9555 16
9556 11
9557 12
9558 13
9559 12
9560 12
9561 7
9562 12
9563 10
9564 15
9565 12
9566 6
9567 13
9568 12
9569 13
9570 12
9571 9
9572 16
9573 12
9574 16
9575 14
9576 10
9577 9
9578 13
9579 11
9580 8
9581 10
9582 12
9583 11
9584 12
9585 12
9586 12
9587 7
9588 12
9589 11
9590 10
9591 9
9592 7
9593 11
9594 17
9595 10
9596 10
9597 14
9598 11
9599 13
9600 8
9601 11
9602 12
9603 9
9604 12
9605 9
9606 12
9607 10
9608 12
9609 11
9610 10
9611 13
9612 11
9613 11
9614 8
9615 10
9616 15
9617 10
9618 11
9619 14
9620 13
9621 12
9622 9
9623 13
9624 11
9625 12
9626 11
9627 12
9628 10
9629 13
9630 11
9631 9
9632 13
9633 14
9634 12
9635 12
9636 14
9637 11
9638 10
9639 12
9640 11
9641 14
9642 13
9643 16
9644 12
9645 11
9646 9
9647 13
9648 10
9649 11
9650 13
9651 10
9652 12
9653 10
9654 15
9655 15
9656 11
9657 12
9658 11
9659 10
9660 9
9661 8
9662 13
9663 9
9664 9
9665 10
9666 10
9667 8
9668 15
9669 11
9670 11
9671 10
9672 8
9673 13
9674 6
9675 15
9676 15
9677 7
9678 10
9679 11
9680 11
9681 8
9682 12
9683 10
9684 10
9685 10
9686 10
9687 11
9688 10
9689 15
9690 11
9691 11
9692 10
9693 9
9694 10
9695 12
9696 12
9697 10
9698 8
9699 9
9700 10
9701 10
9702 7
9703 11
9704 8
9705 14
9706 6
9707 9
9708 12
9709 11
9710 10
9711 6
9712 11
9713 10
9714 10
9715 8
9716 14
9717 11
9718 12
9719 10
9720 6
9721 10
9722 12
9723 11
9724 10
9725 10
9726 9
9727 11
9728 12
9729 10
9730 17
9731 13
9732 9
9733 9
9734 10
9735 12
9736 10
9737 15
9738 11
9739 11
9740 6
9741 14
9742 14
9743 16
9744 10
9745 12
9746 11
9747 11
9748 14
9749 9
9750 9
9751 7
9752 9
9753 14
9754 12
9755 10
9756 10
9757 8
9758 13
9759 13
9760 14
9761 12
9762 10
9763 13
9764 15
9765 11
9766 13
9767 15
9768 9
9769 13
9770 11
9771 9
9772 11
9773 14
9774 14
9775 10
9776 13
9777 17
9778 8
9779 12
9780 15
9781 7
9782 9
9783 11
9784 7
9785 5
9786 10
9787 12
9788 8
9789 12
9790 11
9791 10
9792 10
9793 8
9794 10
9795 11
9796 11
9797 14
9798 10
9799 10
9800 9
9801 6
9802 11
9803 9
9804 8
9805 11
9806 12
9807 15
9808 9
9809 12
9810 11
9811 11
9812 10
9813 8
9814 12
9815 12
9816 8
9817 12
9818 13
9819 9
9820 8
9821 10
9822 10
9823 11
9824 8
9825 14
9826 11
9827 12
9828 11
9829 15
9830 7
9831 8
9832 15
9833 11
9834 11
9835 8
9836 8
9837 10
9838 16
9839 11
9840 10
9841 8
9842 9
9843 10
9844 10
9845 13
9846 10
9847 12
9848 13
9849 10
9850 10
9851 12
9852 14
9853 9
9854 6
9855 11
9856 15
9857 9
9858 11
9859 12
9860 12
9861 10
9862 12
9863 10
9864 15
9865 12
9866 12
9867 7
9868 16
9869 12
9870 9
9871 10
9872 9
9873 12
9874 7
9875 11
9876 13
9877 13
9878 10
9879 6
9880 11
9881 11
9882 10
9883 10
9884 11
9885 14
9886 4
9887 12
9888 12
9889 9
9890 11
9891 13
9892 12
9893 10
9894 13
9895 7
9896 11
9897 8
9898 9
9899 14
9900 11
9901 7
9902 12
9903 7
9904 10
9905 8
9906 10
9907 7
9908 10
9909 11
9910 11
9911 12
9912 6
9913 12
9914 12
9915 9
9916 11
9917 9
9918 10
9919 12
9920 12
9921 13
9922 12
9923 10
9924 12
9925 11
9926 10
9927 13
9928 13
9929 9
9930 11
9931 10
9932 12
9933 13
9934 14
9935 11
9936 15
9937 9
9938 10
9939 10
9940 12
9941 18
9942 9
9943 12
9944 8
9945 11
9946 11
9947 8
9948 7
9949 10
9950 9
9951 10
9952 10
9953 12
9954 13
9955 11
9956 16
9957 14
9958 9
9959 10
9960 13
9961 13
9962 13
9963 8
9964 12
9965 12
9966 10
9967 14
9968 10
9969 10
9970 11
9971 10
9972 9
9973 8
9974 13
9975 14
9976 12
9977 4
9978 12
9979 13
9980 12
9981 12
9982 13
9983 15
9984 11
9985 12
9986 7
9987 10
9988 14
9989 11
9990 12
9991 11
9992 11
9993 12
9994 10
9995 8
9996 14
9997 12
9998 14
9999 13
10000 11
10001 14
10002 10
10003 13
10004 11
10005 11
10006 8
10007 10
10008 10
10009 7
10010 10
10011 12
10012 12
10013 14
10014 16
10015 12
10016 16
10017 11
10018 8
10019 11
10020 7
10021 7
10022 11
10023 13
10024 9
10025 11
10026 7
10027 10
10028 15
10029 13
10030 10
10031 13
10032 15
10033 9
10034 10
10035 13
10036 8
10037 8
10038 15
10039 10
10040 14
10041 11
10042 11
10043 11
10044 11
10045 11
10046 14
10047 13
10048 10
10049 14
10050 9
10051 10
10052 11
10053 11
10054 11
10055 13
10056 11
10057 10
10058 10
10059 16
10060 9
10061 17
10062 10
10063 13
10064 12
10065 11
10066 13
10067 6
10068 10
10069 9
10070 9
10071 9
10072 8
10073 9
10074 9
10075 10
10076 8
10077 10
10078 9
10079 12
10080 13
10081 8
10082 12
10083 13
10084 15
10085 14
10086 10
10087 10
10088 10
10089 12
10090 11
10091 6
10092 8
10093 7
10094 12
10095 10
10096 13
10097 13
10098 14
10099 6
10100 12
10101 15
10102 11
10103 13
10104 7
10105 9
10106 11
10107 11
10108 15
10109 13
10110 13
10111 12
10112 10
10113 11
10114 14
10115 9
10116 9
10117 11
10118 12
10119 13
10120 8
10121 12
10122 11
10123 10
10124 11
10125 12
10126 10
10127 12
10128 10
10129 9
10130 15
10131 9
10132 11
10133 11
10134 10
10135 7
10136 10
10137 15
10138 10
10139 12
10140 11
10141 9
10142 11
10143 11
10144 13
10145 13
10146 10
10147 11
10148 9
10149 10
10150 15
10151 11
10152 14
10153 12
10154 13
10155 13
10156 13
10157 13
10158 11
10159 11
10160 10
10161 9
10162 6
10163 11
10164 10
10165 13
10166 12
10167 9
10168 14
10169 9
10170 11
10171 11
10172 13
10173 11
10174 11
10175 8
10176 9
10177 14
10178 11
10179 12
10180 9
10181 10
10182 11
10183 14
10184 10
10185 11
10186 15
10187 8
10188 15
10189 11
10190 6
10191 13
10192 11
10193 11
10194 9
10195 10
10196 11
10197 8
10198 10
10199 9
10200 11
10201 8
10202 13
10203 12
10204 9
10205 9
10206 15
10207 9
10208 7
10209 8
10210 12
10211 11
10212 9
10213 6
10214 14
10215 13
10216 7
10217 14
10218 13
10219 13
10220 10
10221 11
10222 12
10223 14
10224 13
10225 13
10226 14
10227 10
10228 12
10229 10
10230 12
10231 12
10232 11
10233 10
10234 16
10235 12
10236 15
10237 10
10238 10
10239 12
10240 13
10241 11
10242 11
10243 8
10244 7
10245 12
10246 8
10247 13
10248 9
10249 12
10250 7
10251 11
10252 11
10253 11
10254 11
10255 13
10256 13
10257 13
10258 11
10259 11
10260 8
10261 11
10262 11
10263 15
10264 8
10265 12
10266 12
10267 10
10268 7
10269 9
10270 9
10271 10
10272 11
10273 11
10274 11
10275 9
10276 12
10277 10
10278 8
10279 12
10280 12
10281 10
10282 12
10283 12
10284 10
10285 15
10286 10
10287 9
10288 8
10289 12
10290 13
10291 10
10292 13
10293 13
10294 9
10295 9
10296 10
10297 13
10298 11
10299 12
10300 11
10301 15
10302 13
10303 8
10304 13
10305 8
10306 9
10307 14
10308 10
10309 12
10310 11
10311 8
10312 7
10313 14
10314 13
10315 11
10316 9
10317 8
10318 9
10319 14
10320 14
10321 7
10322 9
10323 9
10324 10
10325 11
10326 8
10327 9
10328 10
10329 11
10330 14
10331 10
10332 15
10333 10
10334 15
10335 11
10336 11
10337 11
10338 8
10339 13
10340 11
10341 11
10342 13
10343 13
10344 6
10345 15
10346 13
10347 11
10348 10
10349 13
10350 13
10351 12
10352 11
10353 9
10354 8
10355 12
10356 12
10357 11
10358 10
10359 10
10360 10
10361 16
10362 10
10363 11
10364 11
10365 12
10366 11
10367 13
10368 9
10369 13
10370 8
10371 12
10372 11
10373 14
10374 10
10375 10
10376 15
10377 10
10378 10
10379 13
10380 9
10381 11
10382 14
10383 16
10384 9
10385 8
10386 15
10387 12
10388 9
10389 8
10390 14
10391 15
10392 12
10393 8
10394 12
10395 7
10396 13
10397 13
10398 12
10399 11
10400 11
10401 9
10402 12
10403 10
10404 11
10405 13
10406 12
10407 9
10408 13
10409 10
10410 10
10411 9
10412 11
10413 9
10414 10
10415 9
10416 10
10417 11
10418 11
10419 12
10420 9
10421 10
10422 10
10423 9
10424 11
10425 13
10426 11
10427 6
10428 10
10429 11
10430 10
10431 11
10432 12
10433 14
10434 11
10435 10
10436 12
10437 15
10438 10
10439 12
10440 8
10441 13
10442 12
10443 11
10444 6
10445 15
10446 11
10447 11
10448 13
10449 11
10450 10
10451 10
10452 10
10453 12
10454 11
10455 10
10456 9
10457 18
10458 12
10459 16
10460 10
10461 6
10462 12
10463 10
10464 12
10465 9
10466 10
10467 14
10468 13
10469 10
10470 16
10471 12
10472 13
10473 11
10474 14
10475 9
10476 11
10477 11
10478 11
10479 13
10480 10
10481 15
10482 11
10483 11
10484 10
10485 10
10486 11
10487 13
10488 12
10489 9
10490 12
10491 10
10492 12
10493 7
10494 10
10495 7
10496 11
10497 10
10498 8
10499 14
10500 12
10501 10
10502 10
10503 6
10504 11
10505 11
10506 8
10507 12
10508 7
10509 10
10510 11
10511 11
10512 16
10513 10
10514 11
10515 8
10516 8
10517 12
10518 11
10519 14
10520 11
10521 13
10522 10
10523 13
10524 9
10525 12
10526 10
10527 12
10528 10
10529 12
10530 13
10531 13
10532 10
10533 15
10534 12
10535 10
10536 14
10537 8
10538 11
10539 11
10540 15
10541 13
10542 10
10543 15
10544 13
10545 12
10546 12
10547 9
10548 10
10549 10
10550 13
10551 9
10552 12
10553 9
10554 10
10555 11
10556 11
10557 10
10558 11
10559 12
10560 10
10561 15
10562 10
10563 11
10564 10
10565 15
10566 11
10567 8
10568 12
10569 10
10570 12
10571 11
10572 10
10573 14
10574 9
10575 10
10576 9
10577 9
10578 11
10579 8
10580 10
10581 9
10582 12
10583 15
10584 12
10585 11
10586 13
10587 13
10588 10
10589 9
10590 11
10591 12
10592 15
10593 14
10594 8
10595 9
10596 13
10597 12
10598 12
10599 9
10600 10
10601 12
10602 11
10603 9
10604 12
10605 12
10606 8
10607 9
10608 7
10609 11
10610 9
10611 10
10612 10
10613 11
10614 9
10615 7
10616 8
10617 12
10618 11
10619 8
10620 11
10621 14
10622 12
10623 11
10624 6
10625 13
10626 13
10627 11
10628 10
10629 10
10630 11
10631 13
10632 9
10633 8
10634 14
10635 8
10636 12
10637 11
10638 12
10639 11
10640 11
10641 12
10642 9
10643 13
10644 12
10645 10
10646 10
10647 10
10648 11
10649 9
10650 14
10651 11
10652 11
10653 12
10654 11
10655 11
10656 11
10657 12
10658 12
10659 12
10660 8
10661 7
10662 13
10663 8
10664 21
10665 14
10666 11
10667 13
10668 13
10669 10
10670 12
10671 8
10672 8
10673 11
10674 11
10675 10
10676 11
10677 9
10678 10
10679 8
10680 13
10681 14
10682 8
10683 10
10684 8
10685 15
10686 11
10687 10
10688 8
10689 12
10690 10
10691 13
10692 11
10693 11
10694 12
10695 7
10696 10
10697 11
10698 9
10699 12
10700 9
10701 11
10702 9
10703 10
10704 14
10705 14
10706 9
10707 11
10708 11
10709 10
10710 7
10711 13
10712 10
10713 10
10714 11
10715 12
10716 12
10717 9
10718 11
10719 11
10720 13
10721 12
10722 8
10723 12
10724 13
10725 12
10726 8
10727 11
10728 8
10729 12
10730 9
10731 8
10732 11
10733 14
10734 14
10735 12
10736 9
10737 8
10738 10
10739 13
10740 10
10741 11
10742 13
10743 9
10744 11
10745 6
10746 11
10747 11
10748 10
10749 11
10750 15
10751 10
10752 15
10753 13
10754 9
10755 8
10756 11
10757 11
10758 11
10759 13
10760 7
10761 11
10762 10
10763 7
10764 16
10765 9
10766 9
10767 11
10768 8
10769 11
10770 10
10771 10
10772 10
10773 12
10774 12
10775 8
10776 9
10777 11
10778 11
10779 11
10780 12
10781 12
10782 16
10783 14
10784 12
10785 13
10786 9
10787 12
10788 9
10789 13
10790 12
10791 8
10792 10
10793 12
10794 11
10795 12
10796 10
10797 8
10798 14
10799 11
10800 6
10801 12
10802 12
10803 7
10804 12
10805 8
10806 13
10807 11
10808 10
10809 11
10810 12
10811 11
10812 12
10813 10
10814 11
10815 9
10816 11
10817 12
10818 12
10819 12
10820 10
10821 8
10822 12
10823 9
10824 12
10825 13
10826 7
10827 10
10828 11
10829 13
10830 10
10831 11
10832 11
10833 10
10834 9
10835 8
10836 8
10837 10
10838 8
10839 12
10840 11
10841 14
10842 11
10843 8
10844 13
10845 10
10846 9
10847 15
10848 9
10849 7
10850 12
10851 8
10852 13
10853 13
10854 13
10855 11
10856 13
10857 8
10858 12
10859 10
10860 13
10861 9
10862 15
10863 12
10864 10
10865 6
10866 12
10867 10
10868 12
10869 10
10870 14
10871 13
10872 8
10873 13
10874 11
10875 13
10876 10
10877 8
10878 11
10879 14
10880 8
10881 9
10882 14
10883 11
10884 7
10885 12
10886 10
10887 15
10888 12
10889 12
10890 9
10891 11
10892 8
10893 10
10894 14
10895 12
10896 10
10897 10
10898 10
10899 7
10900 15
10901 17
10902 11
10903 8
10904 10
10905 10
10906 12
10907 12
10908 11
10909 14
10910 12
10911 7
10912 8
10913 11
10914 14
10915 7
10916 10
10917 12
10918 8
10919 11
10920 10
10921 10
10922 11
10923 14
10924 11
10925 9
10926 14
10927 8
10928 11
10929 14
10930 10
10931 12
10932 12
10933 9
10934 15
10935 9
10936 10
10937 11
10938 11
10939 10
10940 11
10941 12
10942 14
10943 12
10944 12
10945 13
10946 10
10947 11
10948 12
10949 12
10950 8
10951 14
10952 10
10953 12
10954 12
10955 8
10956 9
10957 8
10958 16
10959 10
10960 12
10961 10
10962 13
10963 9
10964 10
10965 12
10966 10
10967 7
10968 14
10969 14
10970 10
10971 9
10972 7
10973 8
10974 7
10975 10
10976 9
10977 13
10978 9
10979 14
10980 7
10981 15
10982 12
10983 13
10984 10
10985 8
10986 12
10987 10
10988 10
10989 10
10990 12
10991 13
10992 14
10993 8
10994 10
10995 11
10996 11
10997 11
10998 7
10999 14
11000 9
11001 12
11002 14
11003 12
11004 12
11005 10
11006 9
11007 11
11008 5
11009 8
11010 12
11011 14
11012 9
11013 10
11014 9
11015 13
11016 8
11017 16
11018 9
11019 13
11020 11
11021 9
11022 12
11023 13
11024 9
11025 13
11026 10
11027 9
11028 7
11029 10
11030 12
11031 13
11032 13
11033 9
11034 11
11035 11
11036 9
11037 8
11038 11
11039 9
11040 11
11041 11
11042 11
11043 16
11044 11
11045 13
11046 13
11047 11
11048 12
11049 14
11050 12
11051 7
11052 10
11053 12
11054 13
11055 12
11056 8
11057 12
11058 10
11059 16
11060 10
11061 9
11062 10
11063 12
11064 7
11065 10
11066 9
11067 9
11068 12
11069 11
11070 10
11071 11
11072 13
11073 9
11074 12
11075 13
11076 13
11077 11
11078 12
11079 10
11080 10
11081 13
11082 9
11083 15
11084 8
11085 14
11086 7
11087 11
11088 11
11089 11
11090 14
11091 14
11092 13
11093 16
11094 8
11095 14
11096 10
11097 7
11098 8
11099 13
11100 9
11101 12
11102 12
11103 13
11104 11
11105 12
11106 13
11107 11
11108 11
11109 11
11110 12
11111 11
11112 13
11113 8
11114 8
11115 14
11116 12
11117 8
11118 12
11119 10
11120 9
11121 12
11122 11
11123 15
11124 9
11125 11
11126 12
11127 12
11128 9
11129 8
11130 12
11131 15
11132 8
11133 10
11134 11
11135 10
11136 15
11137 13
11138 9
11139 7
11140 12
11141 8
11142 10
11143 9
11144 12
11145 13
11146 10
11147 9
11148 10
11149 12
11150 14
11151 11
11152 9
11153 13
11154 11
11155 12
11156 12
11157 12
11158 11
11159 13
11160 13
11161 13
11162 12
11163 11
11164 11
11165 13
11166 10
11167 12
11168 18
11169 12
11170 10
11171 12
11172 10
11173 9
11174 14
11175 11
11176 10
11177 9
11178 14
11179 16
11180 13
11181 16
11182 4
11183 8
11184 12
11185 8
11186 12
11187 14
11188 10
11189 11
11190 16
11191 10
11192 9
11193 9
11194 11
11195 8
11196 7
11197 10
11198 12
11199 10
11200 12
11201 11
11202 12
11203 13
11204 12
11205 11
11206 10
11207 11
11208 9
11209 13
11210 11
11211 12
11212 10
11213 11
11214 14
11215 9
11216 10
11217 11
11218 15
11219 12
11220 15
11221 13
11222 11
11223 11
11224 13
11225 10
11226 15
11227 9
11228 7
11229 7
11230 12
11231 10
11232 15
11233 9
11234 8
11235 13
11236 12
11237 10
11238 14
11239 13
11240 11
11241 10
11242 13
11243 12
11244 16
11245 8
11246 12
11247 8
11248 7
11249 14
11250 15
11251 13
11252 10
11253 9
11254 12
11255 13
11256 9
11257 10
11258 8
11259 8
11260 9
11261 10
11262 14
11263 10
11264 11
11265 10
11266 13
11267 16
11268 9
11269 10
11270 9
11271 8
11272 11
11273 12
11274 7
11275 12
11276 17
11277 14
11278 12
11279 14
11280 13
11281 11
11282 12
11283 10
11284 13
11285 13
11286 11
11287 14
11288 13
11289 11
11290 15
11291 11
11292 11
11293 16
11294 5
11295 10
11296 10
11297 11
11298 12
11299 9
11300 11
11301 13
11302 9
11303 13
11304 13
11305 11
11306 11
11307 14
11308 11
11309 12
11310 9
11311 10
11312 11
11313 10
11314 13
11315 9
11316 11
11317 8
11318 10
11319 14
11320 7
11321 11
11322 9
11323 11
11324 13
11325 10
11326 17
11327 12
11328 8
11329 11
11330 9
11331 9
11332 11
11333 13
11334 12
11335 13
11336 9
11337 6
11338 8
11339 11
11340 15
11341 10
11342 7
11343 11
11344 12
11345 11
11346 11
11347 8
11348 10
11349 11
