0 96
1 11
2 6
3 14
4 13
5 6
6 14
7 9
8 9
9 10
10 7
11 14
12 12
13 11
14 11
15 13
16 8
17 8
18 12
19 13
20 11
21 10
22 11
23 13
24 13
25 12
26 10
27 14
28 12
29 12
30 12
31 8
32 10
33 12
34 11
35 12
36 11
37 15
38 12
39 9
40 12
41 14
42 6
43 12
44 10
45 10
46 9
47 13
48 14
49 12
50 15
51 14
52 11
53 10
54 8
55 8
56 10
57 14
58 8
59 13
60 9
61 10
62 14
63 10
64 7
65 12
66 13
67 13
68 13
69 10
70 13
71 12
72 12
73 15
74 11
75 9
76 9
77 16
78 7
79 9
80 11
81 11
82 9
83 8
84 10
85 20
86 10
87 10
88 12
89 12
90 11
91 12
92 9
93 10
94 11
95 12
96 12
97 11
98 12
99 11
100 6
