0 89
1 9
2 11
3 12
4 13
5 13
6 10
7 10
8 8
9 11
10 12
11 13
12 15
13 15
14 15
15 10
16 8
17 8
18 9
19 14
20 14
21 14
22 9
23 16
24 12
25 13
26 10
27 11
28 14
29 12
30 11
31 9
32 13
33 13
34 8
35 13
36 12
37 12
38 10
39 13
40 12
41 11
42 11
43 10
44 10
45 13
46 12
47 10
48 11
49 10
50 11
51 8
52 9
53 10
54 14
55 14
56 12
57 10
58 12
59 9
60 13
61 10
62 11
63 13
64 12
65 11
66 16
67 15
68 8
69 8
70 13
71 11
72 14
73 7
74 9
75 12
76 12
77 16
78 13
79 13
80 9
81 10
82 11
83 9
84 12
85 11
86 13
87 9
88 13
89 14
90 12
91 9
92 9
93 12
94 9
95 11
96 14
97 9
98 13
99 15
100 11
101 9
102 10
103 8
104 7
105 12
106 11
107 13
108 10
109 12
110 12
111 9
112 11
113 10
114 12
115 9
116 12
117 10
118 13
119 9
120 10
121 12
122 11
123 10
124 11
125 7
126 6
127 10
128 11
129 11
130 11
131 8
132 12
133 9
134 10
135 9
136 10
137 10
138 11
139 13
140 12
141 13
142 10
143 7
144 10
145 10
146 12
147 10
148 12
149 9
150 12
151 16
152 13
153 10
154 12
155 11
156 13
157 10
158 11
159 13
160 17
161 10
162 10
163 12
164 11
165 9
166 18
167 7
168 13
169 8
170 10
171 11
172 11
173 12
174 13
175 12
176 7
177 7
178 11
179 10
180 12
181 12
182 13
183 13
184 12
185 12
186 9
187 9
188 8
189 17
190 16
191 9
192 9
193 9
194 11
195 10
196 13
197 11
198 10
199 11
200 10
201 9
202 11
203 11
204 12
205 10
206 9
207 11
208 12
209 12
210 14
211 11
212 7
213 13
214 10
215 10
216 12
217 11
218 10
219 11
220 16
221 11
222 10
223 6
224 8
225 12
226 12
227 13
228 13
229 9
230 11
231 8
232 12
233 10
234 11
235 10
236 10
237 11
238 7
239 10
240 11
241 11
242 9
243 12
244 7
245 9
246 11
247 10
248 16
249 12
250 10
251 11
252 14
253 13
254 10
255 8
256 14
257 13
258 10
259 12
260 12
261 13
262 15
263 12
264 13
265 11
266 13
267 9
268 8
269 8
270 12
271 15
272 11
273 10
274 11
275 7
276 10
277 7
278 5
279 8
280 8
281 11
282 13
283 8
284 14
285 13
286 10
287 15
288 14
289 14
290 10
291 11
292 10
293 12
294 12
295 8
296 6
297 10
298 9
299 9
300 12
301 11
302 13
303 11
304 11
305 10
306 11
307 10
308 10
309 15
310 10
311 12
312 11
313 8
314 14
315 11
316 12
317 8
318 9
319 13
320 13
321 15
322 11
323 13
324 9
325 8
326 6
327 8
328 11
329 13
330 12
331 10
332 9
333 11
334 8
335 9
336 14
337 12
338 8
339 7
340 13
341 12
342 16
343 12
344 12
345 10
346 10
347 13
348 13
349 11
350 13
351 10
352 9
353 12
354 11
355 10
356 11
357 13
358 8
359 8
360 7
361 13
362 16
363 12
364 12
365 13
366 9
367 12
368 11
369 12
370 9
371 9
372 11
373 12
374 10
375 11
376 11
377 11
378 8
379 12
380 12
381 13
382 12
383 13
384 9
385 8
386 8
387 12
388 12
389 12
390 11
391 9
392 11
393 11
394 14
395 12
396 11
397 15
398 12
399 14
400 12
401 10
402 8
403 12
404 10
405 17
406 8
407 13
408 12
409 12
410 12
411 11
412 10
413 11
414 12
415 13
416 10
417 11
418 12
419 10
420 13
421 13
422 12
423 9
424 12
425 11
426 13
427 11
428 10
429 10
430 14
431 10
432 13
433 10
434 12
435 10
436 11
437 9
438 6
439 12
440 8
441 14
442 11
443 13
444 14
445 15
446 14
447 12
448 8
449 7
450 9
451 11
452 11
453 12
454 13
455 11
456 5
457 8
458 12
459 10
460 10
461 12
462 9
463 10
464 12
465 10
466 12
467 10
468 12
469 14
470 10
471 16
472 13
473 8
474 9
475 13
476 11
477 10
478 7
479 12
480 10
481 9
482 9
483 12
484 10
485 11
486 11
487 9
488 12
489 10
490 13
491 12
492 12
493 11
494 11
495 10
496 12
497 16
498 12
499 8
500 11
501 9
502 12
503 8
504 11
505 7
506 10
507 12
508 12
509 7
510 12
511 8
512 14
513 9
514 8
515 13
516 10
517 12
518 9
519 9
520 10
521 9
522 9
523 13
524 9
525 11
526 13
527 12
528 11
529 13
530 11
531 11
532 11
533 13
534 10
535 9
536 9
537 11
538 11
539 14
540 13
541 13
542 10
543 10
544 11
545 11
546 11
547 13
548 9
549 9
550 12
551 11
552 11
553 10
554 11
555 6
556 13
557 9
558 14
559 14
560 8
561 13
562 12
563 10
564 12
565 11
566 8
567 9
568 11
569 9
570 9
571 9
572 11
573 7
574 13
575 11
576 10
577 8
578 12
579 12
580 14
581 11
582 11
583 13
584 7
585 12
586 10
587 6
588 11
589 14
590 7
591 13
592 12
593 11
594 13
595 12
596 8
597 13
598 13
599 10
600 12
601 13
602 11
603 10
604 14
605 11
606 7
607 14
608 10
609 10
610 9
611 10
612 8
613 10
614 11
615 15
616 12
617 11
618 11
619 16
620 14
621 10
622 15
623 11
624 13
625 12
626 13
627 10
628 12
629 10
630 11
631 9
632 9
633 12
634 11
635 8
636 6
637 8
638 11
639 14
640 10
641 9
642 10
643 8
644 12
645 13
646 15
647 18
648 9
649 7
650 10
651 10
652 9
653 8
654 8
655 8
656 10
657 9
658 7
659 11
660 11
661 12
662 14
663 12
664 12
665 10
665 4
