0 93
1 11
2 12
3 6
4 11
5 14
6 12
7 9
8 10
9 13
10 14
11 13
12 11
13 11
14 14
15 10
16 11
17 13
18 9
19 15
20 12
21 9
22 9
23 15
24 11
25 8
26 14
27 12
28 13
29 13
30 11
31 9
32 11
33 9
34 9
35 12
36 11
37 11
38 13
39 11
40 7
41 9
42 10
43 13
44 11
45 10
46 13
47 8
48 13
49 12
50 9
51 10
52 11
53 12
54 11
55 10
56 11
57 11
58 11
59 12
60 10
61 13
62 13
63 15
64 11
65 10
66 14
67 12
68 12
69 7
70 11
71 10
72 12
73 9
74 13
75 12
76 8
77 14
78 7
79 10
80 11
81 11
82 13
83 11
84 10
85 10
86 11
87 10
88 10
89 11
90 3
91 6
92 13
93 11
94 10
95 9
96 13
97 8
98 11
99 14
100 16
