0 81
1 11
2 8
3 8
4 11
5 18
6 9
7 11
8 10
9 8
10 12
11 12
12 13
13 14
14 13
15 12
16 14
17 9
18 14
19 12
20 10
21 9
22 9
23 14
24 13
25 9
26 11
27 15
28 6
29 9
30 12
31 11
32 11
33 6
34 10
35 11
36 11
37 9
38 12
39 9
40 12
41 10
42 11
43 10
44 10
45 11
46 13
47 10
48 12
49 7
50 9
51 11
52 11
53 9
54 14
55 12
56 11
57 14
58 11
59 7
60 12
61 12
62 8
63 12
64 12
65 12
66 9
67 11
68 15
69 12
70 12
71 12
72 8
73 14
74 10
75 12
76 7
77 9
78 14
79 12
80 13
81 9
82 10
83 9
84 12
85 8
86 12
87 11
88 8
89 9
90 7
91 13
92 10
93 10
94 8
95 10
96 11
97 11
98 11
99 10
100 10
