0 96
1 12
2 12
3 9
4 6
5 11
6 13
7 10
8 10
9 12
10 14
11 10
12 12
13 12
14 9
15 10
16 12
17 10
18 11
19 9
20 12
21 14
22 10
23 13
24 14
25 8
26 11
27 4
28 10
29 15
30 11
31 14
32 10
33 10
34 9
35 11
36 11
37 13
38 12
39 12
40 14
41 11
42 9
43 9
44 17
45 13
46 13
47 9
48 13
49 8
50 9
51 11
52 10
53 13
54 10
55 10
56 13
57 11
58 10
59 11
60 12
61 15
62 11
63 15
64 14
65 10
66 13
67 13
68 10
69 13
70 8
71 13
72 11
73 14
74 12
75 9
76 9
77 11
78 10
79 11
80 7
81 10
82 12
83 8
84 11
85 10
86 9
87 13
88 9
89 9
90 6
91 12
92 12
93 11
94 9
95 9
96 8
97 10
98 15
99 12
100 8
101 12
102 13
103 12
104 14
105 11
106 4
107 10
108 6
109 9
110 10
111 9
112 12
113 13
114 10
115 11
116 14
117 14
118 9
119 10
120 12
121 13
122 12
123 9
124 8
125 8
126 14
127 15
128 10
129 10
130 14
131 11
132 9
133 12
134 15
135 9
136 16
137 13
138 15
139 8
140 8
141 7
142 11
143 15
144 9
145 11
146 8
147 10
148 9
149 11
150 11
151 13
152 10
153 13
154 12
155 10
156 10
157 13
158 8
159 14
160 8
161 12
162 11
163 14
164 10
165 11
166 14
167 11
168 10
169 11
170 11
171 13
172 9
173 10
174 10
175 10
176 8
177 7
178 13
179 13
180 7
181 13
182 13
183 13
184 8
185 13
186 13
187 11
188 18
189 8
190 10
191 11
192 14
193 8
194 11
195 12
196 13
197 15
198 14
199 10
200 9
201 13
202 9
203 12
204 10
205 12
206 10
207 14
208 11
209 13
210 10
211 8
212 10
213 8
214 10
215 8
216 11
217 14
218 10
219 15
220 10
221 16
222 12
223 11
224 10
225 15
226 16
227 14
228 12
229 12
230 10
231 14
232 10
233 13
234 10
235 9
236 9
237 9
238 11
239 11
240 16
241 11
242 14
243 13
244 13
245 11
246 14
247 12
248 7
249 12
250 11
251 9
252 12
253 12
254 14
255 13
256 14
257 12
258 13
259 9
260 11
261 14
262 11
263 9
264 7
265 11
266 8
267 12
268 8
269 11
270 13
271 11
272 10
273 8
274 13
275 9
276 16
277 13
278 15
279 11
280 13
281 5
282 13
283 8
284 12
285 13
286 9
287 12
288 12
289 10
290 12
291 8
292 14
293 10
294 12
295 9
296 13
297 11
298 15
299 11
300 8
301 12
302 13
303 10
304 10
305 10
306 9
307 11
308 11
309 9
310 11
311 9
312 11
313 7
314 10
315 12
316 9
317 9
318 9
319 13
320 12
321 11
322 9
323 5
324 9
325 9
326 10
327 11
328 9
329 9
330 11
331 13
332 8
333 13
334 9
335 8
336 11
337 13
338 11
339 12
340 8
341 11
342 10
343 10
344 10
345 10
346 12
347 9
348 11
349 13
350 13
351 9
352 12
353 12
354 11
355 12
356 12
357 15
358 10
359 10
360 13
361 11
362 13
363 9
364 10
365 13
366 13
367 15
368 11
369 7
370 10
371 9
372 8
373 9
374 11
375 10
376 9
377 12
378 12
379 10
380 9
381 6
382 13
383 9
384 9
385 11
386 14
387 12
388 8
389 13
390 14
391 10
392 8
393 10
394 10
395 10
396 12
397 13
398 9
399 8
400 8
401 11
402 8
403 10
404 12
405 10
406 10
407 9
408 7
409 8
410 13
411 8
412 14
413 14
414 10
415 6
416 10
417 8
418 10
419 10
420 11
421 12
422 8
423 13
424 9
425 13
426 13
427 10
428 11
429 9
430 9
431 15
432 8
433 11
434 15
435 6
436 12
437 10
438 14
439 11
440 8
441 12
442 12
443 9
444 10
445 9
446 13
447 11
448 14
449 14
450 11
451 10
452 11
453 9
454 7
455 11
456 11
457 12
458 11
459 13
460 13
461 8
462 8
463 15
464 12
465 7
466 12
467 13
468 9
469 12
470 9
471 11
472 12
473 9
474 8
475 14
476 14
477 10
478 12
479 9
480 15
481 9
482 13
483 15
484 10
485 14
486 14
487 15
488 14
489 12
490 16
491 11
492 10
493 14
494 10
495 7
496 15
497 6
498 11
499 12
500 13
501 11
502 13
503 11
504 7
505 15
506 9
507 12
508 11
509 7
510 10
511 12
512 12
513 8
514 8
515 9
516 10
517 10
518 7
519 15
520 12
521 13
522 11
523 12
524 10
525 13
526 13
527 13
528 11
529 10
530 14
531 13
532 12
533 8
534 8
535 11
536 9
537 11
538 10
539 9
540 9
541 9
542 17
543 9
544 9
545 13
546 13
547 14
548 11
549 11
550 11
551 9
552 12
553 12
554 11
555 11
556 12
557 9
558 12
559 11
560 11
561 10
562 10
563 11
564 12
565 10
566 8
567 9
568 12
569 10
570 11
571 11
572 12
573 9
574 8
575 12
576 12
577 12
578 8
579 10
580 11
581 12
582 13
583 11
584 12
585 8
586 9
587 12
588 8
589 13
590 13
591 11
592 10
593 13
594 10
595 15
596 8
597 11
598 8
599 8
600 11
601 11
602 14
603 11
604 8
605 10
606 8
607 7
608 11
609 12
610 12
611 16
612 9
613 15
614 11
615 15
616 12
617 11
618 10
619 11
620 10
621 13
622 10
623 8
624 9
625 12
626 14
627 15
628 11
629 12
630 11
631 14
632 11
633 12
634 10
635 12
636 12
637 8
638 11
639 8
640 11
641 10
642 10
643 16
644 10
645 9
646 8
647 8
648 13
649 10
650 15
651 11
652 10
653 16
654 13
655 8
656 13
657 13
658 12
659 8
660 7
661 6
662 10
663 8
664 9
665 15
666 10
667 13
668 7
669 8
670 13
671 10
672 7
673 15
674 12
675 12
676 9
677 14
678 7
679 8
680 7
681 15
682 7
683 9
684 9
685 11
686 12
687 13
688 10
689 9
690 11
691 12
692 12
693 11
694 8
695 16
696 3
697 12
698 16
699 11
700 9
701 10
702 11
703 10
704 9
705 9
706 15
707 11
708 8
709 12
710 10
711 7
712 11
713 11
714 7
715 11
716 12
717 10
718 8
719 14
720 9
721 13
722 6
723 11
724 11
725 11
726 11
727 11
728 9
729 13
730 13
731 12
732 14
733 12
734 14
735 11
736 12
737 14
738 13
739 11
740 10
741 9
742 7
743 9
744 10
745 9
746 13
747 10
748 9
749 9
750 8
751 13
752 10
753 13
754 11
755 11
756 10
757 9
758 13
759 14
760 6
761 9
762 6
763 9
764 14
765 11
766 8
767 8
768 8
769 7
770 11
771 13
772 12
773 15
774 12
775 9
776 9
777 16
778 12
779 10
780 11
781 16
782 12
783 12
784 12
785 12
786 13
787 10
788 13
789 12
790 12
791 9
792 9
793 10
794 12
795 10
796 15
797 11
798 10
799 12
800 9
801 10
802 10
803 11
804 11
805 13
806 8
807 9
808 10
809 7
810 8
811 12
812 8
813 8
814 10
815 10
816 14
817 10
818 11
819 11
820 11
821 11
822 9
823 13
824 11
825 10
826 13
827 14
828 12
829 7
830 10
831 12
832 13
833 12
834 7
835 12
836 11
837 10
838 11
839 12
840 11
841 8
842 9
843 12
844 10
845 11
846 12
847 9
848 10
849 10
850 13
851 11
852 11
853 11
854 12
855 6
856 14
857 13
858 15
859 10
860 10
861 12
862 8
863 6
864 9
865 12
866 9
867 12
868 10
869 10
870 10
871 15
872 10
873 13
874 11
875 9
876 13
877 11
878 12
879 12
880 12
881 8
882 11
883 6
884 11
885 12
886 13
887 12
888 13
889 12
890 12
891 11
892 11
893 11
894 8
895 10
896 10
897 6
898 12
899 10
900 12
901 10
902 9
903 9
904 9
905 12
906 9
907 15
908 11
909 12
910 7
911 14
912 12
913 10
914 13
915 13
916 8
917 11
918 10
919 15
920 10
921 11
922 12
923 10
924 12
925 11
926 8
927 13
928 11
929 8
930 15
931 10
932 8
933 11
934 11
935 13
936 11
937 11
938 13
939 12
940 13
941 9
942 16
943 11
944 7
945 9
946 12
947 13
948 7
949 8
950 10
951 10
952 11
953 10
954 7
955 11
956 11
957 11
958 12
959 11
960 6
961 13
962 10
963 10
964 11
965 8
966 11
967 12
968 10
969 12
970 11
971 11
972 7
973 9
974 8
975 12
976 9
977 11
978 7
979 13
980 11
981 14
982 12
983 11
984 7
985 13
986 12
987 11
988 11
989 10
990 9
991 10
992 8
993 10
994 11
995 13
996 12
997 10
998 11
999 12
1000 10
1001 13
1002 14
1003 9
1004 10
1005 16
1006 12
1007 10
1008 10
1009 12
1010 13
1011 15
1012 12
1013 11
1014 12
1015 13
1016 13
1017 12
1018 10
1019 12
1020 11
1021 8
1022 8
1023 8
1024 13
1025 12
1026 12
1027 11
1028 10
1029 14
1030 14
1031 11
1032 11
1033 9
1034 14
1035 11
1036 11
1037 11
1038 10
1039 9
1040 15
1041 16
1042 10
1043 11
1044 9
1045 14
1046 12
1047 9
1048 12
1049 11
1050 13
1051 12
1052 10
1053 16
1054 10
1055 11
1056 11
1057 10
1058 13
1059 10
1060 15
1061 11
1062 10
1063 12
1064 8
1065 11
1066 13
1067 8
1068 8
1069 11
1070 12
1071 11
1072 10
1073 12
1074 8
1075 11
1076 10
1077 9
1078 10
1079 9
1080 12
1081 10
1082 11
1083 13
1084 11
1085 15
1086 12
1087 14
1088 13
1089 8
1090 12
1091 16
1092 10
1093 10
1094 9
1095 8
1096 7
1097 7
1098 10
1099 13
1100 9
1101 12
1102 12
1103 11
1104 11
1105 14
1106 8
1107 13
1108 10
1109 9
1110 10
1111 14
1112 10
1113 15
1114 11
1115 12
1116 13
1117 13
1118 8
1119 6
1120 12
1121 18
1122 14
1123 3
1124 11
1125 13
1126 16
1127 11
1128 8
1129 8
1130 14
1131 14
1132 11
1133 13
1134 12
1135 11
1136 13
1137 10
1138 13
1139 8
1140 12
1141 12
1142 12
1143 8
1144 15
1145 8
1146 9
1147 11
1148 11
1149 9
1150 13
1151 10
1152 13
1153 7
1154 9
1155 12
1156 12
1157 7
1158 15
1159 7
1160 12
1161 10
1162 10
1163 11
1164 12
1165 8
1166 11
1167 13
1168 8
1169 13
1170 9
1171 13
1172 10
1173 12
1174 10
1175 17
1176 14
1177 13
1178 13
1179 12
1180 14
1181 8
1182 12
1183 8
1184 12
1185 11
1186 12
1187 13
1188 10
1189 13
1190 9
1191 8
1192 10
1193 13
1194 11
1195 12
1196 12
1197 8
1198 13
1199 11
1200 9
1201 15
1202 9
1203 8
1204 13
1205 12
1206 14
1207 9
1208 12
1209 11
1210 13
1211 10
1212 15
1213 11
1214 12
1215 11
1216 13
1217 13
1218 13
1219 12
1220 10
1221 12
1222 13
1223 12
1224 14
1225 10
1226 12
1227 10
1228 12
1229 11
1230 11
1231 12
1232 9
1233 12
1234 12
1235 10
1236 9
1237 14
1238 13
1239 12
1240 14
1241 13
1242 12
1243 14
1244 11
1245 11
1246 11
1247 12
1248 11
1249 10
1250 11
1251 13
1252 12
1253 8
1254 10
1255 9
1256 11
1257 12
1258 9
1259 13
1260 8
1261 12
1262 15
1263 11
1264 8
1265 8
1266 12
1267 9
1268 12
1269 7
1270 11
1271 13
1272 17
1273 14
1274 9
1275 11
1276 17
1277 15
1278 10
1279 11
1280 15
1281 10
1282 12
1283 11
1284 6
1285 12
1286 10
1287 8
1288 12
1289 10
1290 8
1291 10
1292 12
1293 9
1294 10
1295 13
1296 12
1297 6
1298 13
1299 12
1300 9
1301 9
1302 14
1303 13
1304 10
1305 11
1306 10
1307 13
1308 10
1309 11
1310 12
1311 10
1312 8
1313 16
1314 9
1315 13
1316 11
1317 8
1318 11
1319 14
1320 10
1321 10
1322 13
1323 10
1324 8
1325 9
1326 14
1327 13
1328 15
1329 15
1330 12
1331 11
1332 13
1333 6
1334 10
1335 13
1336 10
1337 8
1338 13
1339 9
1340 14
1341 11
1342 10
1343 12
1344 12
1345 8
1346 14
1347 11
1348 8
1349 10
1350 11
1351 6
1352 12
1353 9
1354 10
1355 10
1356 9
1357 8
1358 9
1359 11
1360 12
1361 7
1362 12
1363 9
1364 14
1365 12
1366 14
1367 9
1368 11
1369 14
1370 13
1371 11
1372 13
1373 9
1374 12
1375 9
1376 9
1377 9
1378 9
1379 10
1380 13
1381 12
1382 13
1383 10
1384 9
1385 15
1386 11
1387 11
1388 11
1389 10
1390 14
1391 8
1392 8
1393 11
1394 11
1395 14
1396 12
1397 11
1398 14
1399 12
1400 13
1401 15
1402 11
1403 12
1404 14
1405 6
1406 11
1407 14
1408 10
1409 11
1410 14
1411 13
1412 11
1413 12
1414 10
1415 15
1416 13
1417 10
1418 10
1419 13
1420 10
1421 9
1422 10
1423 13
1424 11
1425 12
1426 7
1427 7
1428 11
1429 11
1430 8
1431 9
1432 11
1433 6
1434 12
1435 9
1436 13
1437 12
1438 12
1439 11
1440 10
1441 12
1442 14
1443 9
1444 14
1445 14
1446 10
1447 11
1448 13
1449 6
1450 12
1451 9
1452 11
1453 10
1454 12
1455 6
1456 9
1457 13
1458 9
1459 9
1460 10
1461 13
1462 12
1463 14
1464 14
1465 11
1466 11
1467 8
1468 8
1469 13
1470 10
1471 11
1472 13
1473 16
1474 11
1475 13
1476 11
1477 10
1478 11
1479 15
1480 11
1481 11
1482 12
1483 13
1484 13
1485 10
1486 15
1487 11
1488 14
1489 12
1490 12
1491 13
1492 12
1493 11
1494 12
1495 9
1496 7
1497 13
1498 13
1499 10
1500 10
1501 11
1502 10
1503 10
1504 13
1505 10
1506 11
1507 9
1508 7
1509 13
1510 11
1511 8
1512 11
1513 16
1514 13
1515 12
1516 11
1517 12
1518 9
1519 14
1520 12
1521 16
1522 10
1523 14
1524 11
1525 14
1526 12
1527 11
1528 10
1529 11
1530 11
1531 10
1532 11
1533 11
1534 12
1535 12
1536 9
1537 10
1538 10
1539 15
1540 11
1541 11
1542 13
1543 12
1544 13
1545 13
1546 11
1547 14
1548 13
1549 10
1550 10
1551 9
1552 11
1553 9
1554 9
1555 8
1556 10
1557 11
1558 15
1559 8
1560 14
1561 12
1562 12
1563 11
1564 8
1565 13
1566 13
1567 13
1568 17
1569 7
1570 11
1571 11
1572 13
1573 9
1574 10
1575 9
1576 11
1577 13
1578 9
1579 14
1580 7
1581 13
1582 15
1583 17
1584 9
1585 9
1586 7
1587 11
1588 12
1589 8
1590 10
1591 10
1592 13
1593 9
1594 14
1595 8
1596 11
1597 15
1598 7
1599 9
1600 12
1601 12
1602 10
1603 15
1604 6
1605 11
1606 6
1607 11
1608 12
1609 11
1610 10
1611 9
1612 10
1613 7
1614 10
1615 13
1616 11
1617 11
1618 8
1619 9
1620 9
1621 7
1622 13
1623 12
1624 13
1625 12
1626 7
1627 11
1628 11
1629 13
1630 12
1631 10
1632 15
1633 12
1634 12
1635 12
1636 10
1637 10
1638 11
1639 12
1640 11
1641 14
1642 8
1643 13
1644 10
1645 13
1646 11
1647 6
1648 7
1649 13
1650 13
1651 9
1652 9
1653 11
1654 14
1655 12
1656 7
1657 10
1658 8
1659 7
1660 10
1661 9
1662 12
1663 11
1664 9
1665 10
1666 12
1667 15
1668 9
1669 10
1670 12
1671 9
1672 7
1673 13
1674 12
1675 10
1676 6
1677 11
1678 14
1679 10
1680 12
1681 7
1682 15
1683 12
1684 9
1685 12
1686 12
1687 14
1688 10
1689 11
1690 9
1691 8
1692 11
1693 10
1694 10
1695 11
1696 8
1697 10
1698 13
1699 9
1700 11
1701 7
1702 9
1703 13
1704 12
1705 11
1706 13
1707 11
1708 11
1709 14
1710 8
1711 15
1712 13
1713 11
1714 10
1715 11
1716 8
1717 8
1718 13
1719 12
1720 8
1721 11
1722 11
1723 11
1724 9
1725 12
1726 12
1727 12
1728 12
1729 11
1730 12
1731 8
1732 12
1733 11
1734 9
1735 11
1736 10
1737 12
1738 12
1739 10
1740 13
1741 12
1742 11
1743 10
1744 16
1745 10
1746 13
1747 13
1748 9
1749 14
1750 9
1751 14
1752 10
1753 9
1754 11
1755 13
1756 13
1757 8
1758 12
1759 11
1760 12
1761 9
1762 11
1763 13
1764 10
1765 12
1766 8
1767 10
1768 10
1769 11
1770 9
1771 9
1772 10
1773 13
1774 16
1775 10
1776 12
1777 7
1778 11
1779 7
1780 8
1781 16
1782 15
1783 9
1784 9
1785 11
1786 15
1787 10
1788 9
1789 13
1790 11
1791 10
1792 12
1793 12
1794 10
1795 11
1796 13
1797 16
1798 17
1799 12
1800 9
1801 8
1802 9
1803 12
1804 9
1805 9
1806 12
1807 10
1808 14
1809 12
1810 9
1811 13
1812 8
1813 9
1814 12
1815 13
1816 7
1817 15
1818 10
1819 10
1820 13
1821 12
1822 8
1823 10
1824 14
1825 10
1826 9
1827 11
1828 8
1829 10
1830 16
1831 10
1832 10
1833 12
1834 14
1835 8
1836 10
1837 16
1838 8
1839 12
1840 10
1841 13
1842 12
1843 11
1844 11
1845 14
1846 12
1847 9
1848 10
1849 7
1850 13
1851 11
1852 11
1853 8
1854 10
1855 11
1856 10
1857 13
1858 11
1859 14
1860 9
1861 8
1862 14
1863 11
1864 7
1865 13
1866 10
1867 13
1868 11
1869 10
1870 11
1871 10
1872 12
1873 11
1874 13
1875 8
1876 8
1877 13
1878 10
1879 10
1880 14
1881 13
1882 11
1883 8
1884 14
1885 8
1886 7
1887 14
1888 11
1889 13
1890 12
1891 12
1892 13
1893 12
1894 9
1895 12
1896 14
1897 7
1898 10
1899 14
1900 8
1901 12
1902 11
1903 12
1904 14
1905 14
1906 9
1907 12
1908 11
1909 8
1910 10
1911 15
1912 13
1913 11
1914 11
1915 13
1916 10
1917 7
1918 17
1919 11
1920 11
1921 7
1922 13
1923 6
1924 13
1925 12
1926 12
1927 6
1928 7
1929 10
1930 14
1931 13
1932 13
1933 13
1934 11
1935 14
1936 8
1937 10
1938 7
1939 13
1940 10
1941 6
1942 11
1943 11
1944 8
1945 13
1946 9
1947 14
1948 10
1949 12
1950 12
1951 9
1952 14
1953 7
1954 12
1955 11
1956 11
1957 7
1958 11
1959 11
1960 12
1961 10
1962 12
1963 11
1964 14
1965 11
1966 14
1967 12
1968 13
1969 11
1970 9
1971 10
1972 7
1973 13
1974 10
1975 13
1976 15
1977 5
1978 11
1979 6
1980 13
1981 8
1982 8
1983 16
1984 8
1985 14
1986 7
1987 10
1988 8
1989 14
1990 10
1991 9
1992 7
1993 9
1994 8
1995 11
1996 8
1997 10
1998 10
1999 12
2000 13
2001 9
2002 11
2003 8
2004 9
2005 14
2006 9
2007 11
2008 14
2009 14
2010 12
2011 8
2012 12
2013 10
2014 13
2015 12
2016 10
2017 11
2018 8
2019 16
2020 16
2021 13
2022 12
2023 11
2024 15
2025 9
2026 13
2027 13
2028 7
2029 6
2030 13
2031 15
2032 11
2033 4
2034 10
2035 10
2036 15
2037 15
2038 13
2039 6
2040 12
2041 8
2042 14
2043 14
2044 12
2045 11
2046 12
2047 9
2048 10
2049 8
2050 17
2051 11
2052 10
2053 7
2054 12
2055 8
2056 10
2057 12
2058 12
2059 13
2060 10
2061 9
2062 7
2063 10
2064 10
2065 13
2066 13
2067 12
2068 11
2069 10
2070 12
2071 8
2072 6
2073 8
2074 11
2075 14
2076 9
2077 10
2078 13
2079 10
2080 11
2081 12
2082 7
2083 9
2084 9
2085 13
2086 13
2087 11
2088 12
2089 11
2090 8
2091 12
2092 15
2093 11
2094 11
2095 8
2096 9
2097 10
2098 14
2099 14
2100 9
2101 15
2102 15
2103 9
2104 9
2105 13
2106 14
2107 14
2108 10
2109 12
2110 8
2111 11
2112 13
2113 10
2114 8
2115 14
2116 10
2117 10
2118 12
2119 10
2120 9
2121 11
2122 11
2123 11
2124 10
2125 12
2126 15
2127 15
2128 14
2129 13
2130 10
2131 6
2132 10
2133 13
2134 9
2135 13
2136 13
2137 12
2138 12
2139 11
2140 9
2141 13
2142 8
2143 13
2144 13
2145 18
2146 11
2147 13
2148 13
2149 12
2150 9
2151 10
2152 10
2153 8
2154 12
2155 12
2156 13
2157 10
2158 12
2159 11
2160 11
2161 8
2162 12
2163 9
2164 9
2165 12
2166 10
2167 8
2168 12
2169 11
2170 8
2171 8
2172 10
2173 8
2174 10
2175 11
2176 9
2177 12
2178 11
2179 13
2180 13
2181 12
2182 12
2183 14
2184 15
2185 12
2186 10
2187 9
2188 9
2189 10
2190 12
2191 13
2192 10
2193 10
2194 7
2195 13
2196 10
2197 10
2198 12
2199 11
2200 12
2201 12
2202 9
2203 13
2204 11
2205 6
2206 10
2207 11
2208 10
2209 10
2210 14
2211 10
2212 10
2213 14
2214 11
2215 10
2216 6
2217 9
2218 10
2219 14
2220 7
2221 11
2222 12
2223 9
2224 9
2225 7
2226 14
2227 12
2228 13
2229 8
2230 12
2231 9
2232 12
2233 6
2234 9
2235 7
2236 10
2237 10
2238 12
2239 11
2240 12
2241 9
2242 8
2243 7
2244 13
2245 7
2246 13
2247 14
2248 9
2249 9
2250 12
2251 13
2252 12
2253 8
2254 8
2255 10
2256 9
2257 13
2258 13
2259 7
2260 8
2261 15
2262 9
2263 13
2264 7
2265 8
2266 11
2267 13
2268 12
2269 11
2270 15
2271 14
2272 9
2273 14
2274 11
2275 13
2276 12
2277 11
2278 10
2279 11
2280 8
2281 10
2282 8
2283 10
2284 9
2285 9
2286 12
2287 12
2288 8
2289 13
2290 10
2291 16
2292 12
2293 11
2294 7
2295 10
2296 11
2297 11
2298 8
2299 11
2300 11
2301 11
2302 9
2303 12
2304 13
2305 16
2306 12
2307 11
2308 12
2309 10
2310 16
2311 13
2312 7
2313 14
2314 9
2315 13
2316 11
2317 10
2318 10
2319 11
2320 8
2321 10
2322 8
2323 11
2324 8
2325 10
2326 10
2327 14
2328 8
2329 15
2330 11
2331 11
2332 10
2333 10
2334 13
2335 11
2336 9
2337 14
2338 14
2339 11
2340 9
2341 10
2342 11
2343 11
2344 10
2345 11
2346 9
2347 14
2348 10
2349 6
2350 11
2351 11
2352 8
2353 14
2354 10
2355 11
2356 13
2357 9
2358 11
2359 6
2360 7
2361 11
2362 9
2363 15
2364 11
2365 11
2366 10
2367 14
2368 10
2369 13
2370 10
2371 10
2372 11
2373 11
2374 10
2375 10
2376 11
2377 15
2378 11
2379 12
2380 9
2381 10
2382 9
2383 6
2384 14
2385 10
2386 11
2387 10
2388 11
2389 11
2390 12
2391 12
2392 11
2393 9
2394 12
2395 9
2396 16
2397 12
2398 15
2399 8
2400 11
2401 12
2402 11
2403 10
2404 7
2405 10
2406 10
2407 7
2408 15
2409 9
2410 10
2411 9
2412 10
2413 10
2414 13
2415 8
2416 11
2417 12
2418 9
2419 11
2420 12
2421 12
2422 13
2423 12
2424 10
2425 12
2426 11
2427 14
2428 11
2429 10
2430 9
2431 9
2432 7
2433 10
2434 9
2435 11
2436 12
2437 10
2438 9
2439 13
2440 13
2441 9
2442 12
2443 12
2444 9
2445 8
2446 9
2447 13
2448 14
2449 11
2450 11
2451 12
2452 12
2453 13
2454 8
2455 10
2456 10
2457 11
2458 9
2459 17
2460 11
2461 11
2462 11
2463 12
2464 11
2465 8
2466 10
2467 7
2468 9
2469 11
2470 11
2471 7
2472 12
2473 10
2474 6
2475 11
2476 13
2477 12
2478 12
2479 10
2480 9
2481 8
2482 10
2483 11
2484 10
2485 10
2486 12
2487 11
2488 11
2489 12
2490 12
2491 12
2492 8
2493 9
2494 10
2495 10
2496 8
2497 13
2498 7
2499 11
2500 8
2501 15
2502 10
2503 8
2504 9
2505 8
2506 13
2507 13
2508 8
2509 11
2510 10
2511 10
2512 9
2513 12
2514 9
2515 13
2516 10
2517 13
2518 6
2519 12
2520 13
2521 9
2522 11
2523 11
2524 9
2525 15
2526 12
2527 8
2528 10
2529 11
2530 15
2531 11
2532 10
2533 11
2534 14
2535 7
2536 15
2537 9
2538 11
2539 12
2540 15
2541 9
2542 10
2543 8
2544 8
2545 11
2546 10
2547 6
2548 9
2549 11
2550 11
2551 14
2552 10
2553 13
2554 12
2555 10
2556 10
2557 10
2558 8
2559 11
2560 10
2561 11
2562 10
2563 11
2564 11
2565 11
2566 10
2567 10
2568 12
2569 9
2570 11
2571 10
2572 10
2573 12
2574 8
2575 8
2576 9
2577 12
2578 11
2579 6
2580 13
2581 10
2582 16
2583 13
2584 12
2585 10
2586 14
2587 10
2588 15
2589 13
2590 10
2591 15
2592 12
2593 11
2594 11
2595 9
2596 13
2597 10
2598 12
2599 13
2600 13
2601 12
2602 14
2603 12
2604 13
2605 16
2606 10
2607 14
2608 12
2609 12
2610 12
2611 10
2612 13
2613 12
2614 13
2615 14
2616 12
2617 10
2618 12
2619 9
2620 11
2621 6
2622 9
2623 13
2624 12
2625 10
2626 10
2627 12
2628 6
2629 15
2630 13
2631 11
2632 8
2633 13
2634 12
2635 13
2636 13
2637 11
2638 9
2639 7
2640 11
2641 10
2642 11
2643 10
2644 12
2645 10
2646 12
2647 12
2648 11
2649 9
2650 9
2651 10
2652 4
2653 12
2654 14
2655 13
2656 13
2657 12
2658 10
2659 12
2660 10
2661 13
2662 11
2663 11
2664 14
2665 10
2666 10
2667 16
2668 9
2669 12
2670 14
2671 10
2672 15
2673 10
2674 9
2675 12
2676 15
2677 8
2678 10
2679 13
2680 13
2681 9
2682 8
2683 13
2684 12
2685 13
2686 11
2687 9
2688 11
2689 11
2690 7
2691 8
2692 8
2693 8
2694 10
2695 11
2696 12
2697 12
2698 11
2699 10
2700 10
2701 12
2702 10
2703 7
2704 8
2705 7
2706 9
2707 10
2708 11
2709 10
2710 12
2711 11
2712 11
2713 10
2714 13
2715 12
2716 7
2717 9
2718 10
2719 12
2720 10
2721 13
2722 11
2723 9
2724 14
2725 10
2726 10
2727 10
2728 9
2729 11
2730 12
2731 5
2732 9
2733 11
2734 12
2735 12
2736 10
2737 11
2738 12
2739 11
2740 7
2741 14
2742 9
2743 13
2744 7
2745 16
2746 9
2747 12
2748 9
2749 10
2750 12
2751 9
2752 9
2753 9
2754 15
2755 9
2756 12
2757 11
2758 13
2759 13
2760 10
2761 9
2762 7
2763 9
2764 14
2765 9
2766 13
2767 13
2768 7
2769 12
2770 13
2771 7
2772 12
2773 13
2774 12
2775 11
2776 18
2777 9
2778 10
2779 9
2780 12
2781 8
2782 13
2783 13
2784 8
2785 15
2786 6
2787 10
2788 9
2789 13
2790 12
2791 12
2792 9
2793 12
2794 10
2795 9
2796 8
2797 13
2798 10
2799 8
2800 14
2801 13
2802 15
2803 6
2804 8
2805 12
2806 8
2807 13
2808 9
2809 14
2810 12
2811 11
2812 11
2813 8
2814 13
2815 16
2816 10
2817 12
2818 8
2819 11
2820 14
2821 13
2822 10
2823 10
2824 15
2825 10
2826 11
2827 13
2828 11
2829 10
2830 13
2831 11
2832 8
2833 14
2834 9
2835 12
2836 11
2837 9
2838 12
2839 9
2840 17
2841 13
2842 13
2843 9
2844 11
2845 12
2846 10
2847 9
2848 15
2849 8
2850 14
2851 14
2852 12
2853 9
2854 12
2855 14
2856 10
2857 11
2858 10
2859 14
2860 13
2861 12
2862 8
2863 11
2864 10
2865 11
2866 12
2867 10
2868 11
2869 8
2870 13
2871 7
2872 11
2873 13
2874 8
2875 11
2876 8
2877 12
2878 12
2879 7
2880 13
2881 14
2882 10
2883 10
2884 7
2885 8
2886 8
2887 12
2888 7
2889 9
2890 9
2891 8
2892 16
2893 14
2894 13
2895 15
2896 7
2897 9
2898 15
2899 11
2900 12
2901 10
2902 14
2903 16
2904 9
2905 9
2906 13
2907 9
2908 12
2909 15
2910 10
2911 15
2912 12
2913 9
2914 12
2915 8
2916 8
2917 13
2918 12
2919 10
2920 12
2921 10
2922 9
2923 8
2924 13
2925 5
2926 12
2927 10
2928 13
2929 13
2930 14
2931 14
2932 15
2933 14
2934 11
2935 13
2936 13
2937 13
2938 9
2939 13
2940 11
2941 10
2942 12
2943 13
2944 11
2945 12
2946 11
2947 11
2948 11
2949 14
2950 10
2951 8
2952 7
2953 8
2954 8
2955 9
2956 11
2957 13
2958 11
2959 9
2960 11
2961 9
2962 7
2963 11
2964 14
2965 13
2966 13
2967 10
2968 7
2969 12
2970 12
2971 9
2972 11
2973 10
2974 9
2975 13
2976 8
2977 8
2978 12
2979 12
2980 9
2981 12
2982 13
2983 14
2984 9
2985 14
2986 13
2987 13
2988 8
2989 10
2990 11
2991 14
2992 7
2993 9
2994 13
2995 14
2996 11
2997 10
2998 11
2999 12
3000 13
3001 9
3002 11
3003 12
3004 12
3005 8
3006 8
3007 12
3008 13
3009 15
3010 11
3011 10
3012 15
3013 9
3014 12
3015 10
3016 12
3017 8
3018 12
3019 13
3020 7
3021 9
3022 15
3023 11
3024 11
3025 10
3026 6
3027 11
3028 9
3029 15
3030 8
3031 12
3032 9
3033 11
3034 9
3035 12
3036 14
3037 15
3038 7
3039 10
3040 11
3041 8
3042 12
3043 8
3044 12
3045 11
3046 13
3047 9
3048 15
3049 13
3050 9
3051 7
3052 12
3053 8
3054 11
3055 16
3056 9
3057 13
3058 11
3059 10
3060 12
3061 11
3062 10
3063 13
3064 11
3065 11
3066 7
3067 10
3068 16
3069 15
3070 11
3071 11
3072 9
3073 9
3074 10
3075 10
3076 8
3077 12
3078 11
3079 11
3080 9
3081 13
3082 11
3083 10
3084 12
3085 12
3086 12
3087 9
3088 7
3089 12
3090 10
3091 13
3092 13
3093 12
3094 17
3095 6
3096 16
3097 14
3098 11
3099 6
3100 10
3101 12
3102 12
3103 11
3104 9
3105 9
3106 10
3107 13
3108 9
3109 15
3110 7
3111 12
3112 10
3113 13
3114 8
3115 15
3116 10
3117 8
3118 8
3119 10
3120 9
3121 12
3122 14
3123 12
3124 9
3125 11
3126 10
3127 11
3128 11
3129 16
3130 14
3131 13
3132 8
3133 11
3134 10
3135 13
3136 10
3137 11
3138 12
3139 10
3140 13
3141 12
3142 7
3143 8
3144 15
3145 10
3146 10
3147 12
3148 10
3149 8
3150 9
3151 11
3152 11
3153 12
3154 11
3155 14
3156 10
3157 11
3158 12
3159 8
3160 11
3161 13
3162 12
3163 12
3164 13
3165 10
3166 9
3167 9
3168 9
3169 9
3170 12
3171 10
3172 13
3173 10
3174 15
3175 11
3176 12
3177 7
3178 11
3179 6
3180 13
3181 9
3182 7
3183 12
3184 12
3185 8
3186 13
3187 10
3188 9
3189 10
3190 11
3191 8
3192 11
3193 10
3194 14
3195 8
3196 9
3197 11
3198 8
3199 10
3200 10
3201 11
3202 10
3203 8
3204 11
3205 10
3206 13
3207 14
3208 8
3209 8
3210 12
3211 9
3212 9
3213 13
3214 9
3215 8
3216 12
3217 10
3218 12
3219 9
3220 12
3221 10
3222 8
3223 13
3224 12
3225 10
3226 12
3227 19
3228 11
3229 7
3230 12
3231 11
3232 11
3233 11
3234 12
3235 13
3236 10
3237 15
3238 11
3239 10
3240 15
3241 11
3242 16
3243 13
3244 14
3245 14
3246 11
3247 12
3248 8
3249 8
3250 11
3251 11
3252 11
3253 12
3254 11
3255 6
3256 10
3257 15
3258 7
3259 9
3260 11
3261 9
3262 12
3263 11
3264 8
3265 15
3266 10
3267 10
3268 13
3269 13
3270 7
3271 10
3272 9
3273 8
3274 9
3275 9
3276 11
3277 14
3278 12
3279 13
3280 8
3281 11
3282 12
3283 7
3284 12
3285 11
3286 13
3287 10
3288 10
3289 12
3290 14
3291 9
3292 9
3293 10
3294 8
3295 5
3296 13
3297 9
3298 11
3299 11
3300 13
3301 11
3302 11
3303 15
3304 13
3305 11
3306 9
3307 14
3308 8
3309 14
3310 13
3311 11
3312 11
3313 11
3314 11
3315 10
3316 13
3317 12
3318 7
3319 13
3320 8
3321 13
3322 11
3323 12
3324 11
3325 12
3326 9
3327 12
3328 10
3329 13
3330 9
3331 10
3332 11
3333 6
3334 9
3335 10
3336 14
3337 11
3338 11
3339 11
3340 10
3341 11
3342 11
3343 6
3344 7
3345 9
3346 9
3347 10
3348 14
3349 8
3350 10
3351 11
3352 11
3353 9
3354 12
3355 10
3356 6
3357 10
3358 10
3359 13
3360 13
3361 10
3362 10
3363 10
3364 14
3365 11
3366 10
3367 15
3368 15
3369 7
3370 8
3371 7
3372 14
3373 8
3374 10
3375 10
3376 10
3377 12
3378 14
3379 12
3380 10
3381 10
3382 13
3383 9
3384 12
3385 8
3386 9
3387 10
3388 14
3389 13
3390 10
3391 10
3392 12
3393 10
3394 9
3395 7
3396 12
3397 16
3398 10
3399 12
3400 10
3401 13
3402 14
3403 8
3404 8
3405 13
3406 11
3407 11
3408 17
3409 11
3410 14
3411 12
3412 10
3413 10
3414 12
3415 12
3416 11
3417 8
3418 11
3419 9
3420 9
3421 9
3422 11
3423 10
3424 10
3425 11
3426 10
3427 9
3428 13
3429 8
3430 16
3431 14
3432 12
3433 11
3434 14
3435 10
3436 11
3437 14
3438 9
3439 10
3440 11
3441 11
3442 8
3443 12
3444 8
3445 8
3446 8
3447 6
3448 7
3449 10
3450 7
3451 13
3452 12
3453 12
3454 8
3455 8
3456 9
3457 11
3458 11
3459 11
3460 10
3461 8
3462 11
3463 14
3464 9
3465 12
3466 9
3467 10
3468 10
3469 12
3470 13
3471 10
3472 10
3473 13
3474 16
3475 10
3476 12
3477 12
3478 13
3479 11
3480 12
3481 9
3482 11
3483 8
3484 12
3485 12
3486 17
3487 8
3488 12
3489 12
3490 10
3491 10
3492 13
3493 10
3494 10
3495 8
3496 12
3497 9
3498 9
3499 11
3500 15
3501 7
3502 15
3503 12
3504 11
3505 10
3506 15
3507 10
3508 10
3509 12
3510 8
3511 17
3512 11
3513 10
3514 13
3515 8
3516 15
3517 11
3518 13
3519 13
3520 12
3521 15
3522 14
3523 12
3524 10
3525 11
3526 10
3527 15
3528 12
3529 12
3530 12
3531 8
3532 14
3533 11
3534 13
3535 12
3536 11
3537 7
3538 10
3539 15
3540 11
3541 9
3542 11
3543 11
3544 13
3545 12
3546 10
3547 12
3548 11
3549 9
3550 15
3551 10
3552 10
3553 8
3554 14
3555 11
3556 12
3557 13
3558 11
3559 7
3560 10
3561 10
3562 6
3563 10
3564 8
3565 10
3566 13
3567 8
3568 12
3569 10
3570 10
3571 12
3572 13
3573 9
3574 8
3575 10
3576 11
3577 11
3578 11
3579 13
3580 10
3581 12
3582 13
3583 11
3584 17
3585 8
3586 8
3587 12
3588 13
3589 10
3590 16
3591 18
3592 10
3593 13
3594 10
3595 14
3596 10
3597 7
3598 7
3599 10
3600 10
3601 7
3602 8
3603 13
3604 9
3605 13
3606 10
3607 15
3608 8
3609 8
3610 9
3611 11
3612 9
3613 9
3614 13
3615 12
3616 9
3617 9
3618 12
3619 12
3620 7
3621 12
3622 13
3623 13
3624 11
3625 9
3626 13
3627 9
3628 9
3629 11
3630 11
3631 9
3632 15
3633 8
3634 13
3635 6
3636 8
3637 12
3638 9
3639 10
3640 10
3641 9
3642 13
3643 14
3644 15
3645 12
3646 12
3647 9
3648 9
3649 8
3650 12
3651 13
3652 9
3653 10
3654 9
3655 10
3656 9
3657 9
3658 6
3659 10
3660 10
3661 11
3662 9
3663 7
3664 14
3665 9
3666 13
3667 9
3668 9
3669 11
3670 12
3671 11
3672 8
3673 12
3674 8
3675 13
3676 7
3677 9
3678 14
3679 12
3680 9
3681 11
3682 10
3683 11
3684 13
3685 9
3686 12
3687 11
3688 12
3689 9
3690 10
3691 11
3692 12
3693 11
3694 8
3695 11
3696 13
3697 8
3698 12
3699 12
3700 12
3701 7
3702 9
3703 13
3704 11
3705 9
3706 12
3707 12
3708 8
3709 11
3710 12
3711 11
3712 15
3713 13
3714 8
3715 8
3716 12
3717 9
3718 12
3719 10
3720 10
3721 11
3722 13
3723 14
3724 11
3725 13
3726 9
3727 14
3728 9
3729 7
3730 10
3731 11
3732 15
3733 15
3734 12
3735 8
3736 9
3737 13
3738 8
3739 8
3740 12
3741 11
3742 13
3743 9
3744 10
3745 11
3746 10
3747 9
3748 11
3749 16
3750 9
3751 10
3752 10
3753 15
3754 10
3755 15
3756 11
3757 10
3758 11
3759 8
3760 10
3761 13
3762 12
3763 9
3764 13
3765 8
3766 9
3767 11
3768 10
3769 7
3770 11
3771 11
3772 16
3773 11
3774 10
3775 15
3776 8
3777 11
3778 12
3779 11
3780 5
3781 11
3782 14
3783 9
3784 8
3785 5
3786 10
3787 12
3788 11
3789 14
3790 9
3791 16
3792 10
3793 12
3794 14
3795 11
3796 14
3797 10
3798 12
3799 14
3800 9
3801 10
3802 7
3803 11
3804 10
3805 13
3806 10
3807 12
3808 9
3809 14
3810 9
3811 12
3812 9
3813 10
3814 7
3815 12
3816 8
3817 16
3818 9
3819 17
3820 10
3821 11
3822 12
3823 13
3824 10
3825 8
3826 11
3827 13
3828 10
3829 14
3830 10
3831 10
3832 10
3833 10
3834 10
3835 12
3836 10
3837 11
3838 14
3839 9
3840 9
3841 15
3842 12
3843 13
3844 11
3845 13
3846 10
3847 12
3848 11
3849 11
3850 9
3851 14
3852 12
3853 9
3854 16
3855 10
3856 10
3857 13
3858 9
3859 13
3860 16
3861 9
3862 13
3863 14
3864 18
3865 12
3866 9
3867 14
3868 9
3869 10
3870 12
3871 9
3872 11
3873 6
3874 10
3875 11
3876 12
3877 10
3878 17
3879 11
3880 13
3881 15
3882 12
3883 10
3884 11
3885 8
3886 6
3887 15
3888 9
3889 15
3890 8
3891 10
3892 13
3893 11
3894 11
3895 8
3896 9
3897 12
3898 7
3899 9
3900 13
3901 11
3902 11
3903 13
3904 14
3905 11
3906 10
3907 11
3908 13
3909 9
3910 12
3911 11
3912 11
3913 13
3914 8
3915 10
3916 10
3917 10
3918 11
3919 13
3920 11
3921 10
3922 8
3923 8
3924 10
3925 8
3926 7
3927 15
3928 11
3929 12
3930 14
3931 10
3932 8
3933 9
3934 10
3935 8
3936 13
3937 7
3938 13
3939 8
3940 15
3941 9
3942 6
3943 9
3944 10
3945 11
3946 9
3947 10
3948 10
3949 9
3950 14
3951 10
3952 9
3953 13
3954 11
3955 14
3956 11
3957 12
3958 12
3959 10
3960 10
3961 10
3962 9
3963 9
3964 10
3965 14
3966 9
3967 9
3968 10
3969 10
3970 14
3971 8
3972 6
3973 12
3974 17
3975 11
3976 7
3977 7
3978 11
3979 9
3980 13
3981 13
3982 11
3983 9
3984 10
3985 7
3986 11
3987 11
3988 11
3989 9
3990 10
3991 11
3992 14
3993 10
3994 10
3995 15
3996 13
3997 15
3998 9
3999 9
4000 8
4001 12
4002 12
4003 14
4004 10
4005 10
4006 7
4007 11
4008 8
4009 11
4010 13
4011 13
4012 10
4013 11
4014 8
4015 13
4016 10
4017 12
4018 8
4019 13
4020 11
4021 10
4022 12
4023 11
4024 10
4025 13
4026 10
4027 16
4028 10
4029 12
4030 11
4031 11
4032 11
4033 10
4034 15
4035 11
4036 11
4037 9
4038 12
4039 11
4040 12
4041 10
4042 10
4043 17
4044 11
4045 14
4046 10
4047 10
4048 12
4049 10
4050 12
4051 12
4052 15
4053 14
4054 8
4055 9
4056 8
4057 10
4058 12
4059 7
4060 13
4061 14
4062 11
4063 11
4064 15
4065 12
4066 12
4067 14
4068 13
4069 12
4070 12
4071 10
4072 11
4073 11
4074 12
4075 14
4076 11
4077 13
4078 13
4079 8
4080 8
4081 10
4082 10
4083 12
4084 10
4085 9
4086 12
4087 10
4088 10
4089 11
4090 10
4091 12
4092 12
4093 7
4094 12
4095 12
4096 11
4097 11
4098 8
4099 11
4100 9
4101 10
4102 9
4103 12
4104 10
4105 10
4106 9
4107 12
4108 13
4109 10
4110 12
4111 12
4112 9
4113 15
4114 11
4115 8
4116 11
4117 14
4118 9
4119 10
4120 8
4121 13
4122 9
4123 11
4124 11
4125 10
4126 13
4127 8
4128 14
4129 11
4130 6
4131 8
4132 11
4133 11
4134 15
4135 9
4136 13
4137 13
4138 11
4139 14
4140 10
4141 13
4142 11
4143 13
4144 12
4145 11
4146 12
4147 13
4148 9
4149 10
4150 12
4151 11
4152 7
4153 11
4154 7
4155 12
4156 12
4157 11
4158 9
4159 13
4160 9
4161 11
4162 11
4163 10
4164 10
4165 13
4166 10
4167 10
4168 8
4169 11
4170 10
4171 11
4172 8
4173 10
4174 15
4175 11
4176 10
4177 9
4178 8
4179 13
4180 8
4181 9
4182 7
4183 10
4184 13
4185 12
4186 7
4187 8
4188 11
4189 9
4190 10
4191 12
4192 13
4193 9
4194 7
4195 11
4196 6
4197 15
4198 10
4199 9
4200 14
4201 13
4202 10
4203 11
4204 10
4205 9
4206 10
4207 10
4208 10
4209 12
4210 9
4211 12
4212 13
4213 11
4214 10
4215 11
4216 7
4217 11
4218 13
4219 11
4220 12
4221 12
4222 10
4223 13
4224 10
4225 11
4226 9
4227 13
4228 10
4229 15
4230 10
4231 9
4232 8
4233 10
4234 12
4235 12
4236 12
4237 8
4238 8
4239 11
4240 14
4241 11
4242 11
4243 9
4244 11
4245 9
4246 11
4247 10
4248 11
4249 9
4250 12
4251 13
4252 12
4253 12
4254 14
4255 11
4256 14
4257 12
4258 15
4259 10
4260 11
4261 8
4262 11
4263 7
4264 12
4265 12
4266 10
4267 11
4268 9
4269 11
4270 14
4271 15
4272 8
4273 9
4274 13
4275 12
4276 12
4277 12
4278 12
4279 9
4280 8
4281 11
4282 8
4283 13
4284 13
4285 10
4286 12
4287 13
4288 10
4289 12
4290 16
4291 14
4292 10
4293 11
4294 11
4295 11
4296 12
4297 11
4298 13
4299 7
4300 12
4301 8
4302 10
4303 13
4304 9
4305 6
4306 13
4307 11
4308 12
4309 10
4310 10
4311 10
4312 13
4313 8
4314 7
4315 13
4316 13
4317 11
4318 14
4319 11
4320 11
4321 10
4322 7
4323 13
4324 9
4325 11
4326 13
4327 9
4328 11
4329 10
4330 14
4331 10
4332 14
4333 11
4334 11
4335 13
4336 12
4337 15
4338 8
4339 11
4340 11
4341 10
4342 10
4343 11
4344 14
4345 10
4346 16
4347 13
4348 11
4349 11
4350 9
4351 9
4352 8
4353 10
4354 10
4355 8
4356 9
4357 13
4358 10
4359 10
4360 10
4361 13
4362 15
4363 11
4364 11
4365 10
4366 14
4367 10
4368 10
4369 11
4370 13
4371 13
4372 11
4373 12
4374 12
4375 13
4376 10
4377 11
4378 16
4379 8
4380 8
4381 9
4382 15
4383 7
4384 14
4385 9
4386 14
4387 10
4388 10
4389 13
4390 8
4391 9
4392 8
4393 14
4394 14
4395 12
4396 12
4397 11
4398 10
4399 12
4400 8
4401 15
4402 16
4403 10
4404 12
4405 12
4406 8
4407 11
4408 10
4409 9
4410 12
4411 12
4412 11
4413 10
4414 16
4415 8
4416 15
4417 11
4418 11
4419 11
4420 10
4421 11
4422 10
4423 10
4424 13
4425 9
4426 13
4427 10
4428 9
4429 10
4430 11
4431 13
4432 9
4433 15
4434 12
4435 12
4436 9
4437 10
4438 14
4439 8
4440 12
4441 10
4442 13
4443 14
4444 10
4445 11
4446 15
4447 12
4448 10
4449 10
4450 8
4451 13
4452 12
4453 6
4454 14
4455 12
4456 12
4457 9
4458 13
4459 14
4460 13
4461 11
4462 14
4463 12
4464 11
4465 15
4466 10
4467 12
4468 7
4469 9
4470 10
4471 11
4472 11
4473 12
4474 10
4475 10
4476 9
4477 10
4478 12
4479 13
4480 9
4481 13
4482 14
4483 13
4484 10
4485 11
4486 10
4487 8
4488 11
4489 12
4490 11
4491 15
4492 11
4493 8
4494 15
4495 11
4496 12
4497 8
4498 15
4499 13
4500 11
4501 10
4502 14
4503 12
4504 10
4505 9
4506 15
4507 11
4508 8
4509 12
4510 8
4511 11
4512 10
4513 10
4514 10
4515 6
4516 7
4517 12
4518 13
4519 11
4520 9
4521 11
4522 10
4523 11
4524 14
4525 9
4526 11
4527 12
4528 13
4529 14
4530 12
4531 11
4532 14
4533 11
4534 13
4535 10
4536 8
4537 11
4538 11
4539 8
4540 6
4541 10
4542 10
4543 11
4544 9
4545 10
4546 7
4547 9
4548 11
4549 9
4550 11
4551 11
4552 12
4553 11
4554 9
4555 9
4556 11
4557 7
4558 8
4559 9
4560 12
4561 9
4562 13
4563 10
4564 11
4565 13
4566 11
4567 15
4568 11
4569 12
4570 12
4571 9
4572 12
4573 10
4574 8
4575 12
4576 9
4577 10
4578 11
4579 14
4580 8
4581 8
4582 10
4583 10
4584 14
4585 13
4586 16
4587 8
4588 13
4589 15
4590 10
4591 12
4592 11
4593 10
4594 14
4595 17
4596 11
4597 10
4598 10
4599 12
4600 11
4601 12
4602 13
4603 12
4604 13
4605 11
4606 10
4607 12
4608 10
4609 12
4610 7
4611 11
4612 11
4613 13
4614 8
4615 14
4616 9
4617 11
4618 8
4619 7
4620 11
4621 7
4622 13
4623 14
4624 12
4625 13
4626 13
4627 10
4628 14
4629 13
4630 10
4631 9
4632 12
4633 11
4634 12
4635 12
4636 10
4637 13
4638 13
4639 12
4640 12
4641 10
4642 9
4643 15
4644 11
4645 12
4646 11
4647 10
4648 16
4649 10
4650 11
4651 12
4652 9
4653 14
4654 13
4655 13
4656 11
4657 14
4658 11
4659 9
4660 13
4661 12
4662 11
4663 12
4664 10
4665 9
4666 11
4667 7
4668 10
4669 11
4670 9
4671 9
4672 12
4673 6
4674 8
4675 8
4676 12
4677 15
4678 13
4679 9
4680 13
4681 11
4682 8
4683 13
4684 6
4685 9
4686 10
4687 11
4688 10
4689 13
4690 9
4691 11
4692 11
4693 11
4694 13
4695 13
4696 8
4697 12
4698 8
4699 8
4700 11
4701 13
4702 12
4703 8
4704 13
4705 12
4706 9
4707 8
4708 10
4709 11
4710 11
4711 11
4712 8
4713 9
4714 12
4715 9
4716 9
4717 12
4718 12
4719 13
4720 6
4721 10
4722 16
4723 11
4724 10
4725 11
4726 14
4727 10
4728 12
4729 12
4730 12
4731 16
4732 13
4733 13
4734 10
4735 8
4736 13
4737 14
4738 10
4739 9
4740 7
4741 8
4742 11
4743 14
4744 11
4745 3
4746 9
4747 15
4748 10
4749 12
4750 11
4751 12
4752 10
4753 8
4754 11
4755 11
4756 11
4757 9
4758 10
4759 11
4760 9
4761 12
4762 11
4763 9
4764 9
4765 8
4766 11
4767 9
4768 14
4769 14
4770 6
4771 10
4772 9
4773 14
4774 13
4775 12
4776 13
4777 10
4778 10
4779 12
4780 12
4781 13
4782 14
4783 7
4784 8
4785 12
4786 12
4787 11
4788 10
4789 12
4790 15
4791 12
4792 10
4793 12
4794 11
4795 9
4796 11
4797 11
4798 9
4799 10
4800 10
4801 11
4802 13
4803 13
4804 11
4805 9
4806 13
4807 10
4808 8
4809 9
4810 9
4811 10
4812 7
4813 7
4814 11
4815 7
4816 8
4817 12
4818 8
4819 8
4820 12
4821 12
4822 8
4823 9
4824 7
4825 12
4826 12
4827 11
4828 10
4829 6
4830 13
4831 14
4832 9
4833 10
4834 11
4835 11
4836 10
4837 12
4838 9
4839 14
4840 13
4841 9
4842 9
4843 13
4844 11
4845 14
4846 10
4847 8
4848 12
4849 10
4850 11
4851 9
4852 11
4853 11
4854 14
4855 10
4856 12
4857 12
4858 11
4859 11
4860 14
4861 13
4862 11
4863 9
4864 14
4865 14
4866 14
4867 12
4868 11
4869 15
4870 12
4871 9
4872 11
4873 10
4874 8
4875 13
4876 9
4877 11
4878 9
4879 12
4880 14
4881 12
4882 9
4883 13
4884 13
4885 11
4886 10
4887 8
4888 11
4889 10
4890 9
4891 15
4892 12
4893 14
4894 8
4895 14
4896 13
4897 14
4898 12
4899 14
4900 11
4901 10
4902 12
4903 9
4904 13
4905 11
4906 13
4907 13
4908 10
4909 10
4910 12
4911 8
4912 11
4913 11
4914 13
4915 9
4916 10
4917 15
4918 11
4919 8
4920 11
4921 10
4922 11
4923 8
4924 8
4925 10
4926 13
4927 12
4928 10
4929 13
4930 15
4931 13
4932 13
4933 11
4934 10
4935 8
4936 14
4937 9
4938 15
4939 13
4940 13
4941 8
4942 14
4943 9
4944 15
4945 17
4946 14
4947 14
4948 13
4949 14
4950 10
4951 13
4952 9
4953 9
4954 14
4955 9
4956 10
4957 16
4958 10
4959 12
4960 11
4961 12
4962 7
4963 10
4964 14
4965 10
4966 7
4967 10
4968 11
4969 14
4970 8
4971 9
4972 13
4973 12
4974 12
4975 8
4976 13
4977 8
4978 11
4979 13
4980 9
4981 10
4982 10
4983 7
4984 11
4985 10
4986 10
4987 9
4988 11
4989 12
4990 11
4991 11
4992 10
4993 13
4994 8
4995 13
4996 11
4997 8
4998 10
4999 13
5000 11
5001 8
5002 7
5003 12
5004 9
5005 12
5006 12
5007 14
5008 12
5009 8
5010 14
5011 12
5012 10
5013 12
5014 8
5015 13
5016 15
5017 8
5018 10
5019 13
5020 9
5021 10
5022 14
5023 15
5024 12
5025 14
5026 13
5027 7
5028 9
5029 12
5030 8
5031 10
5032 10
5033 11
5034 14
5035 12
5036 13
5037 12
5038 9
5039 15
5040 15
5041 9
5042 13
5043 6
5044 9
5045 11
5046 13
5047 11
5048 12
5049 15
5050 11
5051 12
5052 10
5053 11
5054 8
5055 9
5056 9
5057 13
5058 12
5059 11
5060 11
5061 11
5062 9
5063 9
5064 13
5065 8
5066 9
5067 12
5068 13
5069 14
5070 6
5071 12
5072 15
5073 15
5074 13
5075 12
5076 12
5077 6
5078 8
5079 11
5080 11
5081 11
5082 12
5083 14
5084 13
5085 9
5086 11
5087 13
5088 11
5089 10
5090 12
5091 10
5092 12
5093 12
5094 12
5095 13
5096 12
5097 14
5098 10
5099 11
5100 11
5101 10
5102 10
5103 7
5104 11
5105 15
5106 10
5107 12
5108 8
5109 7
5110 8
5111 10
5112 11
5113 11
5114 9
5115 12
5116 11
5117 11
5118 7
5119 15
5120 9
5121 12
5122 11
5123 10
5124 11
5125 13
5126 8
5127 12
5128 12
5129 14
5130 9
5131 8
5132 12
5133 9
5134 9
5135 11
5136 10
5137 10
5138 10
5139 10
5140 8
5141 11
5142 13
5143 14
5144 12
5145 8
5146 8
5147 9
5148 10
5149 10
5150 9
5151 6
5152 6
5153 10
5154 9
5155 12
5156 13
5157 10
5158 13
5159 10
5160 10
5161 9
5162 13
5163 14
5164 7
5165 12
5166 9
5167 9
5168 11
5169 13
5170 10
5171 8
5172 9
5173 12
5174 9
5175 13
5176 13
5177 13
5178 18
5179 9
5180 14
5181 8
5182 14
5183 10
5184 10
5185 9
5186 8
5187 9
5188 4
5189 14
5190 13
5191 8
5192 10
5193 16
5194 12
5195 10
5196 11
5197 10
5198 9
5199 12
5200 10
5201 10
5202 13
5203 15
5204 12
5205 13
5206 13
5207 11
5208 12
5209 12
5210 15
5211 11
5212 9
5213 16
5214 10
5215 10
5216 12
5217 11
5218 10
5219 12
5220 13
5221 7
5222 14
5223 15
5224 14
5225 15
5226 11
5227 14
5228 8
5229 8
5230 12
5231 10
5232 10
5233 12
5234 10
5235 12
5236 10
5237 11
5238 10
5239 14
5240 15
5241 11
5242 12
5243 14
5244 9
5245 10
5246 13
5247 10
5248 10
5249 15
5250 10
5251 14
5252 9
5253 11
5254 12
5255 13
5256 12
5257 7
5258 10
5259 7
5260 11
5261 14
5262 8
5263 11
5264 11
5265 14
5266 13
5267 8
5268 8
5269 14
5270 12
5271 15
5272 11
5273 13
5274 10
5275 13
5276 14
5277 10
5278 8
5279 10
5280 12
5281 14
5282 11
5283 11
5284 7
5285 9
5286 11
5287 9
5288 10
5289 11
5290 8
5291 10
5292 11
5293 10
5294 7
5295 13
5296 12
5297 8
5298 12
5299 11
5300 10
5301 11
5302 13
5303 7
5304 14
5305 10
5306 9
5307 9
5308 12
5309 14
5310 8
5311 10
5312 10
5313 11
5314 8
5315 8
5316 11
5317 18
5318 10
5319 13
5320 10
5321 11
5322 10
5323 11
5324 15
5325 10
5326 10
5327 9
5328 10
5329 11
5330 14
5331 14
5332 14
5333 13
5334 12
5335 11
5336 11
5337 11
5338 17
5339 9
5340 14
5341 9
5342 14
5343 12
5344 9
5345 12
5346 12
5347 13
5348 8
5349 12
5350 7
5351 14
5352 13
5353 12
5354 15
5355 13
5356 10
5357 11
5358 11
5359 11
5360 9
5361 12
5362 12
5363 13
5364 10
5365 10
5366 11
5367 10
5368 11
5369 9
5370 11
5371 11
5372 10
5373 8
5374 11
5375 15
5376 10
5377 10
5378 11
5379 17
5380 12
5381 8
5382 12
5383 10
5384 10
5385 10
5386 13
5387 11
5388 9
5389 10
5390 9
5391 8
5392 12
5393 13
5394 13
5395 12
5396 6
5397 15
5398 10
5399 14
5400 11
5401 12
5402 16
5403 8
5404 8
5405 11
5406 11
5407 14
5408 10
5409 10
5410 9
5411 11
5412 9
5413 10
5414 7
5415 10
5416 12
5417 16
5418 13
5419 10
5420 13
5421 15
5422 11
5423 10
5424 11
5425 6
5426 11
5427 10
5428 14
5429 14
5430 12
5431 10
5432 13
5433 11
5434 14
5435 10
5436 9
5437 11
5438 11
5439 9
5440 10
5441 6
5442 13
5443 14
5444 10
5445 10
5446 10
5447 9
5448 9
5449 10
5450 10
5451 10
5452 12
5453 9
5454 12
5455 11
5456 10
5457 12
5458 11
5459 11
5460 9
5461 11
5462 11
5463 10
5464 6
5465 14
5466 12
5467 13
5468 16
5469 9
5470 12
5471 6
5472 13
5473 11
5474 13
5475 16
5476 10
5477 9
5478 10
5479 10
5480 12
5481 11
5482 14
5483 14
5484 9
5485 15
5486 14
5487 12
5488 13
5489 8
5490 11
5491 10
5492 14
5493 12
5494 11
5495 8
5496 13
5497 14
5498 11
5499 15
5500 15
5501 12
5502 16
5503 9
5504 14
5505 12
5506 11
5507 11
5508 7
5509 12
5510 9
5511 14
5512 9
5513 15
5514 10
5515 8
5516 12
5517 11
5518 8
5519 11
5520 11
5521 11
5522 12
5523 13
5524 10
5525 9
5526 10
5527 13
5528 12
5529 14
5530 8
5531 15
5532 8
5533 10
5534 10
5535 13
5536 9
5537 12
5538 15
5539 12
5540 10
5541 10
5542 9
5543 13
5544 12
5545 13
5546 10
5547 13
5548 9
5549 13
5550 8
5551 10
5552 8
5553 12
5554 13
5555 8
5556 9
5557 12
5558 11
5559 10
5560 9
5561 9
5562 8
5563 14
5564 12
5565 9
5566 10
5567 12
5568 11
5569 10
5570 10
5571 15
5572 13
5573 8
5574 13
5575 14
5576 12
5577 16
5578 8
5579 8
5580 10
5581 16
5582 9
5583 8
5584 11
5585 12
5586 11
5587 12
5588 10
5589 11
5590 11
5591 10
5592 19
5593 13
5594 9
5595 10
5596 13
5597 8
5598 11
5599 8
5600 8
5601 9
5602 13
5603 8
5604 13
5605 8
5606 9
5607 9
5608 9
5609 10
5610 11
5611 10
5612 16
5613 10
5614 8
5615 15
5616 11
5617 12
5618 13
5619 11
5620 5
5621 11
5622 11
5623 10
5624 9
5625 11
5626 12
5627 12
5628 11
5629 7
5630 16
5631 10
5632 10
5633 12
5634 16
5635 12
5636 14
5637 12
5638 9
5639 12
5640 12
5641 12
5642 11
5643 13
5644 11
5645 12
5646 14
5647 10
5648 13
5649 10
5650 10
5651 12
5652 8
5653 10
5654 16
5655 13
5656 14
5657 9
5658 10
5659 9
5660 10
5661 11
5662 10
5663 12
5664 11
5665 8
5666 13
5667 10
5668 9
5669 13
5670 9
5671 11
5672 9
5673 14
5674 7
5675 11
5676 8
5677 6
5678 11
5679 13
5680 11
5681 13
5682 11
5683 12
5684 10
5685 10
5686 9
5687 10
5688 12
5689 9
5690 7
5691 10
5692 12
5693 14
5694 11
5695 11
5696 8
5697 10
5698 12
5699 10
5700 9
5701 13
5702 7
5703 9
5704 9
5705 8
5706 15
5707 16
5708 14
5709 10
5710 15
5711 16
5712 8
5713 12
5714 13
5715 8
5716 9
5717 11
5718 13
5719 6
5720 11
5721 11
5722 11
5723 11
5724 8
5725 11
5726 17
5727 10
5728 7
5729 11
5730 11
5731 11
5732 11
5733 9
5734 15
5735 11
5736 10
5737 9
5738 10
5739 11
5740 10
5741 15
5742 11
5743 8
5744 11
5745 11
5746 14
5747 7
5748 9
5749 12
5750 12
5751 11
5752 12
5753 11
5754 13
5755 10
5756 9
5757 8
5758 7
5759 11
5760 12
5761 15
5762 17
5763 11
5764 11
5765 12
5766 9
5767 12
5768 15
5769 13
5770 5
5771 11
5772 13
5773 15
5774 14
5775 10
5776 10
5777 12
5778 14
5779 11
5780 11
5781 10
5782 9
5783 10
5784 13
5785 11
5786 10
5787 11
5788 9
5789 10
5790 11
5791 12
5792 11
5793 11
5794 10
5795 13
5796 11
5797 13
5798 13
5799 9
5800 13
5801 6
5802 11
5803 8
5804 11
5805 17
5806 12
5807 13
5808 10
5809 10
5810 11
5811 11
5812 11
5813 13
5814 10
5815 11
5816 13
5817 10
5818 12
5819 13
5820 9
5821 9
5822 13
5823 14
5824 12
5825 12
5826 10
5827 10
5828 10
5829 13
5830 15
5831 11
5832 14
5833 10
5834 8
5835 12
5836 10
5837 14
5838 11
5839 12
5840 14
5841 14
5842 10
5843 9
5844 10
5845 11
5846 9
5847 13
5848 10
5849 9
5850 11
5851 11
5852 10
5853 13
5854 9
5855 11
5856 9
5857 11
5858 4
5859 10
5860 7
5861 8
5862 15
5863 11
5864 9
5865 10
5866 9
5867 11
5868 9
5869 13
5870 9
5871 14
5872 8
5873 16
5874 9
5875 13
5876 13
5877 10
5878 12
5879 9
5880 9
5881 10
5882 10
5883 10
5884 11
5885 11
5886 9
5887 10
5888 8
5889 13
5890 10
5891 13
5892 11
5893 14
5894 9
5895 9
5896 13
5897 12
5898 13
5899 10
5900 8
5901 15
5902 11
5903 12
5904 13
5905 13
5906 12
5907 9
5908 14
5909 11
5910 11
5911 9
5912 12
5913 12
5914 12
5915 6
5916 15
5917 9
5918 11
5919 10
5920 12
5921 10
5922 11
5923 6
5924 13
5925 10
5926 11
5927 12
5928 7
5929 9
5930 13
5931 13
5932 9
5933 9
5934 9
5935 15
5936 11
5937 13
5938 11
5939 13
5940 17
5941 11
5942 12
5943 14
5944 11
5945 12
5946 9
5947 10
5948 15
5949 11
5950 9
5951 14
5952 10
5953 13
5954 12
5955 10
5956 10
5957 9
5958 13
5959 10
5960 11
5961 12
5962 9
5963 11
5964 12
5965 9
5966 11
5967 14
5968 13
5969 13
5970 13
5971 12
5972 12
5973 8
5974 12
5975 10
5976 10
5977 16
5978 10
5979 10
5980 13
5981 12
5982 14
5983 11
5984 13
5985 11
5986 11
5987 9
5988 19
5989 12
5990 8
5991 14
5992 11
5993 8
5994 9
5995 8
5996 9
5997 14
5998 9
5999 8
6000 14
6001 10
6002 8
6003 9
6004 10
6005 14
6006 14
6007 10
6008 7
6009 12
6010 12
6011 13
6012 12
6013 11
6014 5
6015 12
6016 13
6017 10
6018 11
6019 13
6020 12
6021 9
6022 10
6023 11
6024 10
6025 11
6026 14
6027 14
6028 13
6029 11
6030 14
6031 11
6032 11
6033 10
6034 8
6035 8
6036 12
6037 9
6038 9
6039 10
6040 10
6041 12
6042 9
6043 13
6044 15
6045 15
6046 7
6047 11
6048 9
6049 14
6050 7
6051 10
6052 10
6053 9
6054 8
6055 14
6056 10
6057 13
6058 13
6059 13
6060 6
6061 9
6062 9
6063 15
6064 9
6065 17
6066 10
6067 11
6068 9
6069 8
6070 10
6071 11
6072 7
6073 10
6074 6
6075 14
6076 9
6077 11
6078 13
6079 9
6080 10
6081 14
6082 14
6083 9
6084 8
6085 11
6086 11
6087 9
6088 8
6089 13
6090 10
6091 14
6092 9
6093 9
6094 11
6095 11
6096 12
6097 13
6098 8
6099 10
6100 11
6101 11
6102 13
6103 8
6104 11
6105 17
6106 10
6107 9
6108 7
6109 6
6110 12
6111 9
6112 13
6113 9
6114 12
6115 11
6116 9
6117 11
6118 7
6119 9
6120 11
6121 15
6122 13
6123 14
6124 8
6125 13
6126 9
6127 10
6128 14
6129 11
6130 13
6131 7
6132 11
6133 10
6134 12
6135 12
6136 12
6137 11
6138 9
6139 14
6140 10
6141 10
6142 11
6143 10
6144 15
6145 9
6146 13
6147 11
6148 13
6149 10
6150 10
6151 11
6152 12
6153 11
6154 12
6155 10
6156 14
6157 10
6158 12
6159 10
6160 10
6161 8
6162 13
6163 9
6164 10
6165 8
6166 14
6167 12
6168 10
6169 10
6170 11
6171 6
6172 12
6173 9
6174 14
6175 12
6176 10
6177 7
6178 10
6179 8
6180 10
6181 18
6182 13
6183 11
6184 12
6185 10
6186 10
6187 12
6188 14
6189 5
6190 12
6191 11
6192 10
6193 8
6194 8
6195 9
6196 12
6197 11
6198 11
6199 10
6200 9
6201 11
6202 9
6203 9
6204 10
6205 13
6206 11
6207 12
6208 11
6209 12
6210 11
6211 12
6212 8
6213 9
6214 11
6215 10
6216 11
6217 10
6218 9
6219 12
6220 12
6221 11
6222 16
6223 12
6224 12
6225 13
6226 11
6227 13
6228 12
6229 8
6230 14
6231 9
6232 14
6233 10
6234 13
6235 11
6236 14
6237 10
6238 8
6239 10
6240 11
6241 11
6242 14
6243 11
6244 10
6245 11
6246 12
6247 13
6248 9
6249 7
6250 13
6251 8
6252 13
6253 9
6254 12
6255 12
6256 7
6257 9
6258 15
6259 15
6260 8
6261 14
6262 10
6263 6
6264 11
6265 15
6266 10
6267 11
6268 10
6269 10
6270 13
6271 10
6272 12
6273 11
6274 11
6275 11
6276 12
6277 15
6278 10
6279 10
6280 11
6281 12
6282 14
6283 10
6284 11
6285 9
6286 11
6287 12
6288 10
6289 15
6290 15
6291 11
6292 14
6293 11
6294 14
6295 12
6296 10
6297 10
6298 11
6299 12
6300 9
6301 9
6302 10
6303 11
6304 10
6305 7
6306 11
6307 14
6308 10
6309 13
6310 9
6311 12
6312 9
6313 14
6314 13
6315 9
6316 11
6317 9
6318 10
6319 9
6320 12
6321 15
6322 13
6323 11
6324 10
6325 14
6326 9
6327 14
6328 10
6329 11
6330 10
6331 14
6332 10
6333 14
6334 11
6335 15
6336 7
6337 9
6338 13
6339 13
6340 14
6341 10
6342 10
6343 7
6344 12
6345 14
6346 16
6347 9
6348 13
6349 14
6350 13
6351 15
6352 9
6353 12
6354 13
6355 10
6356 11
6357 10
6358 15
6359 9
6360 12
6361 11
6362 12
6363 14
6364 10
6365 11
6366 10
6367 9
6368 10
6369 10
6370 11
6371 8
6372 10
6373 10
6374 8
6375 9
6376 11
6377 11
6378 10
6379 13
6380 14
6381 8
6382 9
6383 9
6384 14
6385 9
6386 12
6387 12
6388 12
6389 13
6390 10
6391 12
6392 9
6393 11
6394 12
6395 10
6396 9
6397 16
6398 13
6399 7
6400 12
6401 12
6402 12
6403 11
6404 11
6405 13
6406 14
6407 13
6408 11
6409 12
6410 15
6411 14
6412 9
6413 11
6414 13
6415 14
6416 12
6417 8
6418 9
6419 12
6420 4
6421 8
6422 8
6423 10
6424 7
6425 11
6426 10
6427 6
6428 5
6429 7
6430 9
6431 12
6432 12
6433 13
6434 10
6435 11
6436 12
6437 10
6438 13
6439 10
6440 11
6441 10
6442 11
6443 10
6444 9
6445 13
6446 12
6447 12
6448 8
6449 10
6450 13
6451 11
6452 10
6453 15
6454 11
6455 7
6456 9
6457 10
6458 10
6459 11
6460 13
6461 12
6462 12
6463 11
6464 11
6465 10
6466 11
6467 10
6468 13
6469 10
6470 12
6471 12
6472 9
6473 10
6474 5
6475 8
6476 8
6477 13
6478 7
6479 13
6480 9
6481 12
6482 11
6483 15
6484 11
6485 10
6486 12
6487 8
6488 16
6489 9
6490 12
6491 10
6492 16
6493 9
6494 12
6495 9
6496 11
6497 12
6498 8
6499 10
6500 8
6501 9
6502 6
6503 7
6504 14
6505 15
6506 13
6507 11
6508 10
6509 10
6510 11
6511 12
6512 13
6513 7
6514 8
6515 7
6516 13
6517 13
6518 10
6519 15
6520 9
6521 9
6522 12
6523 7
6524 12
6525 13
6526 11
6527 12
6528 10
6529 12
6530 9
6531 8
6532 14
6533 12
6534 15
6535 10
6536 11
6537 12
6538 15
6539 14
6540 11
6541 15
6542 9
6543 9
6544 14
6545 10
6546 11
6547 13
6548 9
6549 16
6550 10
6551 13
6552 9
6553 6
6554 8
6555 10
6556 14
6557 11
6558 9
6559 14
6560 14
6561 12
6562 13
6563 11
6564 12
6565 9
6566 12
6567 9
6568 9
6569 12
6570 12
6571 11
6572 11
6573 10
6574 9
6575 13
6576 7
6577 9
6578 14
6579 8
6580 15
6581 10
6582 10
6583 17
6584 10
6585 12
6586 10
6587 14
6588 11
6589 8
6590 10
6591 14
6592 12
6593 11
6594 13
6595 11
6596 12
6597 9
6598 9
6599 8
6600 8
6601 12
6602 15
6603 12
6604 14
6605 17
6606 10
6607 9
6608 8
6609 10
6610 9
6611 10
6612 13
6613 11
6614 8
6615 14
6616 11
6617 10
6618 10
6619 8
6620 13
6621 16
6622 8
6623 10
6624 12
6625 10
6626 12
6627 7
6628 13
6629 12
6630 11
6631 14
6632 11
6633 8
6634 12
6635 12
6636 14
6637 11
6638 9
6639 11
6640 9
6641 8
6642 8
6643 8
6644 13
6645 9
6646 10
6647 8
6648 13
6649 9
6650 11
6651 12
6652 11
6653 7
6654 13
6655 9
6656 11
6657 6
6658 10
6659 13
6660 13
6661 8
6662 9
6663 10
6664 10
6665 10
6666 11
6667 17
6668 11
6669 8
6670 9
6671 6
6672 11
6673 12
6674 12
6675 10
6676 13
6677 12
6678 10
6679 12
6680 9
6681 9
6682 12
6683 11
6684 11
6685 9
6686 9
6687 8
6688 12
6689 13
6690 10
6691 11
6692 10
6693 13
6694 12
6695 12
6696 12
6697 11
6698 7
6699 10
6700 15
6701 14
6702 12
6703 10
6704 12
6705 6
6706 12
6707 10
6708 12
6709 11
6710 9
6711 12
6712 12
6713 12
6714 11
6715 15
6716 12
6717 10
6718 11
6719 15
6720 11
6721 11
6722 11
6723 9
6724 15
6725 10
6726 10
6727 8
6728 13
6729 12
6730 11
6731 12
6732 10
6733 12
6734 11
6735 11
6736 15
6737 8
6738 12
6739 14
6740 12
6741 8
6742 11
6743 12
6744 10
6745 13
6746 13
6747 8
6748 9
6749 10
6750 11
6751 12
6752 10
6753 10
6754 13
6755 9
6756 12
6757 16
6758 9
6759 9
6760 10
6761 12
6762 12
6763 9
6764 11
6765 10
6766 7
6767 13
6768 15
6769 9
6770 10
6771 13
6772 11
6773 11
6774 15
6775 7
6776 10
6777 9
6778 9
6779 10
6780 10
6781 13
6782 11
6783 10
6784 12
6785 12
6786 11
6787 14
6788 10
6789 12
6790 8
6791 9
6792 10
6793 12
6794 12
6795 12
6796 10
6797 9
6798 8
6799 9
6800 9
6801 9
6802 9
6803 12
6804 14
6805 9
6806 11
6807 11
6808 9
6809 11
6810 12
6811 11
6812 8
6813 6
6814 8
6815 7
6816 11
6817 11
6818 13
6819 10
6820 10
6821 13
6822 8
6823 11
6824 14
6825 10
6826 9
6827 11
6828 10
6829 10
6830 14
6831 10
6832 9
6833 12
6834 15
6835 15
6836 8
6837 15
6838 12
6839 10
6840 8
6841 9
6842 12
6843 13
6844 11
6845 8
6846 10
6847 9
6848 10
6849 10
6850 12
6851 10
6852 8
6853 12
6854 8
6855 13
6856 11
6857 10
6858 13
6859 15
6860 15
6861 9
6862 11
6863 6
6864 9
6865 12
6866 9
6867 15
6868 9
6869 15
6870 8
6871 12
6872 9
6873 10
6874 12
6875 11
6876 13
6877 9
6878 9
6879 9
6880 11
6881 7
6882 11
6883 12
6884 9
6885 8
6886 11
6887 9
6888 15
6889 8
6890 9
6891 7
6892 14
6893 12
6894 11
6895 14
6896 11
6897 7
6898 11
6899 10
6900 8
6901 9
6902 9
6903 8
6904 12
6905 11
6906 12
6907 13
6908 8
6909 10
6910 12
6911 12
6912 12
6913 12
6914 10
6915 10
6916 15
6917 12
6918 9
6919 13
6920 11
6921 6
6922 7
6923 13
6924 10
6925 12
6926 8
6927 8
6928 10
6929 8
6930 11
6931 10
6932 10
6933 13
6934 14
6935 12
6936 8
6937 13
6938 12
6939 5
6940 10
6941 11
6942 10
6943 10
6944 10
6945 12
6946 11
6947 13
6948 12
6949 14
6950 10
6951 9
6952 10
6953 8
6954 12
6955 10
6956 11
6957 10
6958 12
6959 10
6960 15
6961 11
6962 10
6963 15
6964 14
6965 9
6966 11
6967 8
6968 11
6969 10
6970 15
6971 14
6972 12
6973 11
6974 11
6975 13
6976 11
6977 11
6978 11
6979 11
6980 13
6981 13
6982 12
6983 9
6984 10
6985 11
6986 9
6987 12
6988 14
6989 16
6990 11
6991 12
6992 9
6993 10
6994 10
6995 10
6996 5
6997 12
6998 11
6999 9
7000 11
7001 12
7002 12
7003 12
7004 9
7005 10
7006 10
7007 10
7008 8
7009 15
7010 12
7011 10
7012 10
7013 11
7014 11
7015 9
7016 14
7017 10
7018 12
7019 12
7020 9
7021 11
7022 9
7023 8
7024 14
7025 9
7026 12
7027 11
7028 10
7029 10
7030 12
7031 13
7032 10
7033 8
7034 10
7035 13
7036 8
7037 14
7038 13
7039 10
7040 14
7041 12
7042 11
7043 11
7044 10
7045 15
7046 10
7047 12
7048 12
7049 9
7050 10
7051 10
7052 14
7053 14
7054 11
7055 11
7056 10
7057 14
7058 10
7059 10
7060 14
7061 10
7062 10
7063 11
7064 10
7065 10
7066 14
7067 13
7068 11
7069 6
7070 7
7071 18
7072 10
7073 12
7074 10
7075 10
7076 7
7077 13
7078 10
7079 7
7080 9
7081 14
7082 12
7083 17
7084 9
7085 14
7086 14
7087 8
7088 11
7089 10
7090 12
7091 11
7092 10
7093 10
7094 15
7095 9
7096 10
7097 12
7098 9
7099 12
7100 9
7101 8
7102 11
7103 11
7104 10
7105 6
7106 9
7107 9
7108 6
7109 12
7110 11
7111 7
7112 9
7113 8
7114 15
7115 9
7116 14
7117 10
7118 10
7119 11
7120 14
7121 11
7122 6
7123 8
7124 9
7125 9
7126 10
7127 13
7128 10
7129 13
7130 12
7131 10
7132 10
7133 11
7134 5
7135 13
7136 11
7137 8
7138 10
7139 6
7140 6
7141 9
7142 10
7143 13
7144 13
7145 6
7146 12
7147 9
7148 8
7149 9
7150 16
7151 13
7152 6
7153 12
7154 11
7155 9
7156 10
7157 11
7158 9
7159 12
7160 7
7161 10
7162 12
7163 13
7164 11
7165 13
7166 11
7167 10
7168 14
7169 9
7170 12
7171 10
7172 10
7173 15
7174 9
7175 9
7176 12
7177 6
7178 11
7179 7
7180 11
7181 10
7182 12
7183 13
7184 13
7185 12
7186 12
7187 10
7188 11
7189 13
7190 10
7191 9
7192 7
7193 12
7194 10
7195 12
7196 10
7197 12
7198 11
7199 11
7200 4
7201 13
7202 8
7203 13
7204 11
7205 14
7206 16
7207 13
7208 11
7209 12
7210 13
7211 14
7212 12
7213 10
7214 11
7215 13
7216 11
7217 15
7218 13
7219 9
7220 10
7221 14
7222 9
7223 9
7224 8
7225 12
7226 10
7227 12
7228 8
7229 9
7230 8
7231 10
7232 11
7233 8
7234 11
7235 9
7236 12
7237 9
7238 9
7239 12
7240 11
7241 7
7242 14
7243 12
7244 10
7245 10
7246 7
7247 14
7248 12
7249 14
7250 14
7251 13
7252 12
7253 14
7254 12
7255 13
7256 10
7257 13
7258 10
7259 13
7260 8
7261 12
7262 14
7263 10
7264 5
7265 11
7266 12
7267 11
7268 12
7269 11
7270 13
7271 11
7272 9
7273 10
7274 9
7275 11
7276 10
7277 9
7278 13
7279 13
7280 10
7281 13
7282 11
7283 13
7284 12
7285 12
7286 11
7287 12
7288 9
7289 12
7290 6
7291 15
7292 5
7293 16
7294 8
7295 12
7296 9
7297 13
7298 7
7299 12
7300 9
7301 9
7302 10
7303 11
7304 10
7305 11
7306 10
7307 14
7308 14
7309 11
7310 12
7311 6
7312 12
7313 12
7314 14
7315 11
7316 10
7317 8
7318 12
7319 14
7320 10
7321 9
7322 11
7323 9
7324 14
7325 11
7326 10
7327 7
7328 11
7329 9
7330 12
7331 13
7332 12
7333 12
7334 10
7335 9
7336 13
7337 10
7338 12
7339 15
7340 9
7341 10
7342 11
7343 9
7344 7
7345 9
7346 7
7347 6
7348 13
7349 11
7350 7
7351 11
7352 8
7353 11
7354 8
7355 15
7356 14
7357 10
7358 12
7359 8
7360 14
7361 8
7362 11
7363 8
7364 12
7365 10
7366 10
7367 6
7368 14
7369 11
7370 9
7371 12
7372 12
7373 10
7374 11
7375 10
7376 12
7377 12
7378 9
7379 11
7380 12
7381 9
7382 12
7383 13
7384 8
7385 9
7386 11
7387 7
7388 12
7389 11
7390 8
7391 10
7392 8
7393 12
7394 12
7395 11
7396 10
7397 11
7398 11
7399 11
7400 14
7401 14
7402 12
7403 12
7404 6
7405 11
7406 11
7407 10
7408 14
7409 12
7410 10
7411 10
7412 11
7413 11
7414 14
7415 11
7416 12
7417 14
7418 10
7419 10
7420 10
7421 11
7422 12
7423 11
7424 11
7425 12
7426 12
7427 9
7428 15
7429 6
7430 8
7431 9
7432 11
7433 10
7434 13
7435 9
7436 9
7437 10
7438 10
7439 11
7440 12
7441 10
7442 11
7443 12
7444 11
7445 12
7446 14
7447 10
7448 9
7449 10
7450 10
7451 10
7452 9
7453 7
7454 9
7455 9
7456 7
7457 8
7458 9
7459 15
7460 10
7461 11
7462 10
7463 10
7464 14
7465 11
7466 9
7467 10
7468 10
7469 10
7470 13
7471 12
7472 13
7473 8
7474 9
7475 10
7476 11
7477 11
7478 10
7479 10
7480 12
7481 10
7482 9
7483 13
7484 10
7485 14
7486 13
7487 11
7488 8
7489 10
7490 10
7491 9
7492 14
7493 11
7494 14
7495 10
7496 10
7497 12
7498 13
7499 17
7500 11
7501 9
7502 9
7503 12
7504 11
7505 12
7506 11
7507 13
7508 8
7509 10
7510 9
7511 13
7512 11
7513 12
7514 11
7515 14
7516 12
7517 8
7518 12
7519 14
7520 8
7521 11
7522 16
7523 13
7524 16
7525 9
7526 7
7527 15
7528 7
7529 9
7530 14
7531 10
7532 10
7533 7
7534 12
7535 10
7536 12
7537 8
7538 8
7539 7
7540 9
7541 11
7542 10
7543 11
7544 8
7545 11
7546 12
7547 12
7548 9
7549 13
7550 11
7551 15
7552 14
7553 10
7554 12
7555 11
7556 13
7557 12
7558 9
7559 9
7560 13
7561 10
7562 8
7563 9
7564 10
7565 9
7566 14
7567 10
7568 13
7569 8
7570 8
7571 11
7572 7
7573 14
7574 14
7575 12
7576 12
7577 10
7578 14
7579 6
7580 10
7581 8
7582 17
7583 14
7584 10
7585 10
7586 9
7587 13
7588 16
7589 12
7590 13
7591 12
7592 9
7593 12
7594 9
7595 10
7596 10
7597 7
7598 8
7599 9
7600 8
7601 12
7602 10
7603 8
7604 12
7605 12
7606 13
7607 9
7608 13
7609 14
7610 11
7611 8
7612 10
7613 6
7614 12
7615 13
7616 13
7617 12
7618 13
7619 13
7620 9
7621 13
7622 13
7623 10
7624 15
7625 11
7626 13
7627 12
7628 13
7629 13
7630 10
7631 10
7632 13
7633 11
7634 11
7635 13
7636 11
7637 11
7638 10
7639 11
7640 8
7641 14
7642 14
7643 7
7644 16
7645 9
7646 13
7647 11
7648 9
7649 13
7650 12
7651 14
7652 11
7653 8
7654 11
7655 11
7656 9
7657 10
7658 11
7659 9
7660 11
7661 10
7662 11
7663 6
7664 12
7665 15
7666 12
7667 11
7668 13
7669 10
7670 11
7671 12
7672 8
7673 13
7674 9
7675 11
7676 10
7677 10
7678 12
7679 16
7680 6
7681 13
7682 11
7683 10
7684 12
7685 10
7686 9
7687 11
7688 9
7689 14
7690 11
7691 9
7692 11
7693 11
7694 10
7695 11
7696 12
7697 12
7698 10
7699 10
7700 11
7701 12
7702 12
7703 11
7704 9
7705 10
7706 8
7707 10
7708 11
7709 9
7710 11
7711 12
7712 15
7713 11
7714 14
7715 11
7716 11
7717 9
7718 8
7719 10
7720 11
7721 14
7722 10
7723 10
7724 7
7725 15
7726 8
7727 11
7728 9
7729 13
7730 13
7731 8
7732 12
7733 16
7734 12
7735 12
7736 7
7737 13
7738 12
7739 15
7740 13
7741 10
7742 13
7743 8
7744 14
7745 11
7746 8
7747 11
7748 13
7749 13
7750 10
7751 15
7752 12
7753 13
7754 14
7755 11
7756 13
7757 12
7758 9
7759 8
7760 13
7761 12
7762 11
7763 7
7764 10
7765 11
7766 12
7767 9
7768 14
7769 11
7770 10
7771 8
7772 8
7773 17
7774 11
7775 15
7776 8
7777 13
7778 9
7779 17
7780 10
7781 7
7782 15
7783 13
7784 10
7785 15
7786 14
7787 10
7788 11
7789 12
7790 12
7791 12
7792 8
7793 10
7794 13
7795 9
7796 11
7797 13
7798 13
7799 12
7800 11
7801 14
7802 14
7803 12
7804 15
7805 10
7806 8
7807 7
7808 11
7809 9
7810 10
7811 10
7812 11
7813 13
7814 13
7815 11
7816 10
7817 10
7818 11
7819 11
7820 10
7821 9
7822 9
7823 13
7824 9
7825 11
7826 13
7827 14
7828 11
7829 10
7830 15
7831 11
7832 14
7833 12
7834 11
7835 13
7836 9
7837 13
7838 12
7839 13
7840 10
7841 9
7842 7
7843 11
7844 10
7845 10
7846 15
7847 13
7848 12
7849 10
7850 10
7851 10
7852 9
7853 13
7854 10
7855 15
7856 14
7857 8
7858 10
7859 8
7860 11
7861 13
7862 11
7863 5
7864 12
7865 10
7866 14
7867 14
7868 15
7869 11
7870 10
7871 10
7872 11
7873 13
7874 10
7875 10
7876 11
7877 12
7878 8
7879 10
7880 8
7881 8
7882 8
7883 10
7884 9
7885 12
7886 8
7887 13
7888 10
7889 8
7890 13
7891 10
7892 9
7893 13
7894 15
7895 13
7896 9
7897 9
7898 13
7899 13
7900 11
7901 11
7902 12
7903 12
7904 13
7905 12
7906 13
7907 14
7908 13
7909 9
7910 8
7911 13
7912 9
7913 9
7914 10
7915 11
7916 10
7917 12
7918 9
7919 8
7920 13
7921 10
7922 12
7923 8
7924 10
7925 15
7926 9
7927 13
7928 8
7929 11
7930 11
7931 17
7932 14
7933 9
7934 13
7935 8
7936 10
7937 13
7938 7
7939 10
7940 11
7941 12
7942 11
7943 14
7944 11
7945 13
7946 7
7947 13
7948 12
7949 10
7950 13
7951 7
7952 13
7953 11
7954 11
7955 13
7956 9
7957 13
7958 10
7959 12
7960 14
7961 11
7962 10
7963 13
7964 7
7965 11
7966 13
7967 10
7968 10
7969 11
7970 12
7971 7
7972 8
7973 11
7974 10
7975 10
7976 8
7977 10
7978 13
7979 8
7980 12
7981 10
7982 12
7983 10
7984 8
7985 11
7986 14
7987 11
7988 12
7989 10
7990 10
7991 15
7992 14
7993 11
7994 12
7995 13
7996 9
7997 10
7998 11
7999 11
8000 10
8001 11
8002 12
8003 14
8004 10
8005 10
8006 12
8007 10
8008 13
8009 12
8010 11
8011 9
8012 10
8013 11
8014 10
8015 13
8016 14
8017 9
8018 4
8019 6
8020 11
8021 6
8022 7
8023 6
8024 14
8025 12
8026 9
8027 11
8028 10
8029 7
8030 12
8031 12
8032 12
8033 10
8034 10
8035 16
8036 8
8037 9
8038 7
8039 6
8040 6
8041 9
8042 12
8043 8
8044 10
8045 9
8046 8
8047 10
8048 14
8049 10
8050 9
8051 11
8052 10
8053 7
8054 13
8055 9
8056 9
8057 8
8058 7
8059 10
8060 13
8061 9
8062 12
8063 11
8064 11
8065 11
8066 10
8067 9
8068 8
8069 12
8070 14
8071 15
8072 13
8073 11
8074 8
8075 10
8076 11
8077 12
8078 14
8079 11
8080 14
8081 9
8082 9
8083 11
8084 15
8085 8
8086 15
8087 8
8088 11
8089 11
8090 10
8091 13
8092 8
8093 13
8094 11
8095 8
8096 13
8097 12
8098 10
8099 17
8100 10
8101 8
8102 9
8103 8
8104 12
8105 10
8106 9
8107 7
8108 11
8109 11
8110 14
8111 9
8112 13
8113 10
8114 9
8115 8
8116 10
8117 12
8118 12
8119 13
8120 12
8121 12
8122 12
8123 12
8124 13
8125 8
8126 7
8127 16
8128 10
8129 9
8130 11
8131 11
8132 9
8133 9
8134 13
8135 10
8136 10
8137 11
8138 12
8139 9
8140 8
8141 12
8142 13
8143 11
8144 14
8145 12
8146 12
8147 8
8148 8
8149 13
8150 7
8151 8
8152 12
8153 13
8154 15
8155 13
8156 13
8157 11
8158 11
8159 12
8160 11
8161 11
8162 9
8163 11
8164 8
8165 10
8166 13
8167 11
8168 9
8169 10
8170 11
8171 9
8172 11
8173 12
8174 8
8175 8
8176 15
8177 12
8178 10
8179 10
8180 11
8181 12
8182 9
8183 6
8184 14
8185 8
8186 11
8187 14
8188 14
8189 12
8190 15
8191 10
8192 10
8193 12
8194 12
8195 12
8196 9
8197 8
8198 13
8199 9
8200 10
8201 7
8202 9
8203 13
8204 11
8205 11
8206 14
8207 11
8208 8
8209 11
8210 17
8211 15
8212 9
8213 11
8214 14
8215 9
8216 11
8217 15
8218 10
8219 10
8220 10
8221 9
8222 13
8223 11
8224 13
8225 13
8226 11
8227 10
8228 11
8229 10
8230 10
8231 7
8232 13
8233 12
8234 8
8235 8
8236 15
8237 12
8238 7
8239 14
8240 14
8241 14
8242 11
8243 12
8244 10
8245 6
8246 14
8247 13
8248 11
8249 11
8250 12
8251 10
8252 10
8253 12
8254 11
8255 12
8256 12
8257 9
8258 8
8259 11
8260 15
8261 8
8262 8
8263 9
8264 11
8265 7
8266 11
8267 13
8268 8
8269 13
8270 11
8271 12
8272 10
8273 10
8274 16
8275 4
8276 10
8277 12
8278 10
8279 10
8280 8
8281 5
8282 13
8283 11
8284 13
8285 15
8286 12
8287 12
8288 11
8289 9
8290 8
8291 15
8292 11
8293 9
8294 9
8295 11
8296 9
8297 10
8298 10
8299 14
8300 9
8301 10
8302 12
8303 10
8304 13
8305 10
8306 14
8307 9
8308 10
8309 17
8310 12
8311 12
8312 12
8313 11
8314 13
8315 13
8316 11
8317 9
8318 8
8319 13
8320 14
8321 10
8322 9
8323 10
8324 13
8325 8
8326 13
8327 10
8328 11
8329 10
8330 10
8331 9
8332 13
8333 12
8334 14
8335 6
8336 10
8337 10
8338 13
8339 12
8340 12
8341 10
8342 11
8343 14
8344 7
8345 9
8346 10
8347 12
8348 11
8349 11
8350 9
8351 8
8352 15
8353 8
8354 12
8355 13
8356 10
8357 12
8358 12
8359 11
8360 10
8361 7
8362 11
8363 12
8364 8
8365 16
8366 14
8367 13
8368 10
8369 12
8370 10
8371 15
8372 7
8373 9
8374 9
8375 14
8376 13
8377 9
8378 13
8379 13
8380 9
8381 14
8382 11
8383 14
8384 10
8385 9
8386 13
8387 12
8388 9
8389 10
8390 13
8391 12
8392 13
8393 11
8394 15
8395 11
8396 10
8397 11
8398 6
8399 8
8400 12
8401 11
8402 12
8403 11
8404 12
8405 8
8406 9
8407 10
8408 11
8409 7
8410 8
8411 11
8412 14
8413 11
8414 14
8415 8
8416 11
8417 10
8418 13
8419 11
8420 15
8421 7
8422 8
8423 13
8424 11
8425 11
8426 12
8427 11
8428 13
8429 11
8430 10
8431 8
8432 8
8433 10
8434 11
8435 11
8436 12
8437 15
8438 13
8439 10
8440 8
8441 15
8442 9
8443 11
8444 12
8445 7
8446 13
8447 6
8448 8
8449 12
8450 10
8451 8
8452 13
8453 10
8454 9
8455 7
8456 10
8457 12
8458 16
8459 12
8460 10
8461 11
8462 11
8463 9
8464 9
8465 12
8466 10
8467 8
8468 7
8469 11
8470 17
8471 10
8472 11
8473 11
8474 11
8475 11
8476 7
8477 15
8478 11
8479 9
8480 11
8481 12
8482 12
8483 11
8484 12
8485 13
8486 9
8487 13
8488 13
8489 13
8490 9
8491 8
8492 10
8493 7
8494 9
8495 13
8496 11
8497 12
8498 11
8499 7
8500 10
8501 8
8502 12
8503 9
8504 7
8505 11
8506 9
8507 10
8508 11
8509 14
8510 6
8511 11
8512 17
8513 11
8514 10
8515 10
8516 11
8517 9
8518 10
8519 10
8520 12
8521 15
8522 13
8523 11
8524 11
8525 10
8526 12
8527 10
8528 10
8529 13
8530 12
8531 14
8532 12
8533 14
8534 16
8535 11
8536 11
8537 10
8538 8
8539 9
8540 7
8541 14
8542 10
8543 12
8544 11
8545 7
8546 8
8547 9
8548 10
8549 9
8550 10
8551 10
8552 10
8553 5
8554 8
8555 10
8556 8
8557 13
8558 7
8559 15
8560 11
8561 16
8562 9
8563 14
8564 18
8565 13
8566 10
8567 14
8568 11
8569 10
8570 11
8571 9
8572 17
8573 12
8574 10
8575 15
8576 12
8577 10
8578 11
8579 11
8580 10
8581 10
8582 9
8583 13
8584 14
8585 11
8586 12
8587 12
8588 10
8589 13
8590 9
8591 13
8592 12
8593 15
8594 10
8595 12
8596 10
8597 12
8598 6
8599 13
8600 11
8601 9
8602 14
8603 8
8604 11
8605 11
8606 8
8607 9
8608 15
8609 13
8610 11
8611 12
8612 12
8613 12
8614 10
8615 9
8616 11
8617 13
8618 11
8619 15
8620 10
8621 6
8622 8
8623 10
8624 14
8625 11
8626 13
8627 15
8628 11
8629 7
8630 14
8631 12
8632 12
8633 8
8634 11
8635 12
8636 14
8637 9
8638 12
8639 8
8640 13
8641 8
8642 7
8643 10
8644 12
8645 11
8646 9
8647 8
8648 10
8649 12
8650 15
8651 6
8652 13
8653 12
8654 10
8655 11
8656 14
8657 13
8658 10
8659 13
8660 17
8661 9
8662 8
8663 14
8664 11
8665 12
8666 11
8667 13
8668 7
8669 12
8670 10
8671 9
8672 12
8673 10
8674 14
8675 9
8676 13
8677 8
8678 15
8679 10
8680 12
8681 10
8682 10
8683 13
8684 10
8685 8
8686 12
8687 8
8688 11
8689 11
8690 13
8691 12
8692 9
8693 9
8694 12
8695 7
8696 11
8697 9
8698 9
8699 10
8700 9
8701 9
8702 12
8703 11
8704 13
8705 10
8706 12
8707 10
8708 17
8709 12
8710 13
8711 9
8712 11
8713 12
8714 12
8715 6
8716 9
8717 10
8718 11
8719 12
8720 9
8721 12
8722 10
8723 13
8724 8
8725 11
8726 14
8727 12
8728 11
8729 10
8730 13
8731 6
8732 10
8733 9
8734 12
8735 10
8736 10
8737 12
8738 12
8739 14
8740 8
8741 11
8742 12
8743 13
8744 13
8745 10
8746 13
8747 9
8748 9
8749 11
8750 9
8751 6
8752 10
8753 10
8754 11
8755 14
8756 13
8757 10
8758 13
8759 10
8760 14
8761 10
8762 14
8763 9
8764 8
8765 14
8766 14
8767 12
8768 11
8769 10
8770 12
8771 8
8772 12
8773 12
8774 14
8775 10
8776 12
8777 13
8778 11
8779 6
8780 10
8781 13
8782 11
8783 9
8784 12
8785 11
8786 12
8787 13
8788 9
8789 10
8790 11
8791 9
8792 11
8793 10
8794 9
8795 14
8796 9
8797 8
8798 13
8799 8
8800 9
8801 11
8802 11
8803 13
8804 9
8805 13
8806 13
8807 9
8808 7
8809 10
8810 16
8811 10
8812 14
8813 12
8814 14
8815 11
8816 9
8817 14
8818 12
8819 8
8820 11
8821 13
8822 10
8823 13
8824 14
8825 15
8826 11
8827 14
8828 12
8829 11
8830 11
8831 10
8832 10
8833 9
8834 7
8835 12
8836 9
8837 13
8838 9
8839 8
8840 10
8841 12
8842 13
8843 13
8844 14
8845 9
8846 14
8847 13
8848 10
8849 12
8850 11
8851 13
8852 6
8853 9
8854 10
8855 10
8856 10
8857 15
8858 9
8859 12
8860 11
8861 14
8862 9
8863 12
8864 12
8865 15
8866 9
8867 12
8868 11
8869 10
8870 11
8871 10
8872 11
8873 11
8874 15
8875 10
8876 14
8877 12
8878 10
8879 11
8880 13
8881 10
8882 14
8883 13
8884 9
8885 12
8886 10
8887 12
8888 11
8889 14
8890 8
8891 10
8892 10
8893 11
8894 14
8895 13
8896 11
8897 10
8898 7
8899 10
8900 11
8901 12
8902 11
8903 9
8904 10
8905 14
8906 12
8907 9
8908 6
8909 10
8910 15
8911 8
8912 11
8913 14
8914 11
8915 11
8916 9
8917 10
8918 12
8919 10
8920 13
8921 12
8922 14
8923 16
8924 10
8925 13
8926 5
8927 13
8928 10
8929 8
8930 12
8931 7
8932 10
8933 13
8934 14
8935 12
8936 13
8937 12
8938 11
8939 10
8940 17
8941 11
8942 11
8943 12
8944 15
8945 9
8946 11
8947 12
8948 13
8949 10
8950 11
8951 11
8952 13
8953 11
8954 12
8955 11
8956 14
8957 12
8958 12
8959 12
8960 10
8961 12
8962 11
8963 11
8964 8
8965 13
8966 14
8967 13
8968 11
8969 10
8970 11
8971 10
8972 10
8973 13
8974 11
8975 14
8976 11
8977 11
8978 12
8979 10
8980 11
8981 12
8982 12
8983 10
8984 12
8985 13
8986 9
8987 11
8988 11
8989 9
8990 9
8991 8
8992 11
8993 14
8994 12
8995 13
8996 10
8997 12
8998 14
8999 6
9000 13
9001 10
9002 10
9003 10
9004 8
9005 12
9006 7
9007 12
9008 12
9009 8
9010 13
9011 11
9012 12
9013 13
9014 11
9015 11
9016 10
9017 11
9018 11
9019 12
9020 15
9021 8
9022 13
9023 13
9024 8
9025 12
9026 12
9027 11
9028 11
9029 10
9030 9
9031 12
9032 12
9033 11
9034 11
9035 12
9036 7
9037 9
9038 9
9039 11
9040 8
9041 11
9042 13
9043 8
9044 10
9045 12
9046 12
9047 14
9048 6
9049 11
9050 12
9051 9
9052 13
9053 10
9054 13
9055 11
9056 8
9057 8
9058 14
9059 13
9060 13
9061 11
9062 9
9063 10
9064 14
9065 11
9066 7
9067 12
9068 10
9069 10
9070 11
9071 7
9072 10
9073 11
9074 8
9075 9
9076 12
9077 11
9078 7
9079 4
9080 11
9081 5
9082 8
9083 13
9084 12
9085 9
9086 11
9087 12
9088 6
9089 15
9090 13
9091 7
9092 11
9093 16
9094 15
9095 9
9096 13
9097 10
9098 11
9099 8
9100 13
9101 13
9102 10
9103 16
9104 11
9105 11
9106 18
9107 12
9108 8
9109 10
9110 14
9111 14
9112 10
9113 14
9114 10
9115 14
9116 13
9117 6
9118 11
9119 14
9120 12
9121 10
9122 13
9123 13
9124 9
9125 8
9126 11
9127 10
9128 11
9129 9
9130 10
9131 13
9132 8
9133 8
9134 14
9135 10
9136 14
9137 6
9138 14
9139 8
9140 13
9141 13
9142 9
9143 15
9144 10
9145 12
9146 12
9147 11
9148 11
9149 10
9150 12
9151 11
9152 10
9153 13
9154 11
9155 9
9156 10
9157 14
9158 9
9159 12
9160 10
9161 10
9162 16
9163 12
9164 11
9165 10
9166 8
9167 9
9168 14
9169 12
9170 14
9171 9
9172 15
9173 12
9174 8
9175 11
9176 14
9177 10
9178 9
9179 11
9180 12
9181 15
9182 8
9183 9
9184 7
9185 13
9186 13
9187 9
9188 11
9189 12
9190 10
9191 9
9192 11
9193 9
9194 12
9195 14
9196 15
9197 9
9198 11
9199 10
9200 11
9201 8
9202 11
9203 11
9204 9
9205 9
9206 12
9207 12
9208 12
9209 9
9210 7
9211 10
9212 12
9213 12
9214 9
9215 11
9216 10
9217 10
9218 10
9219 13
9220 9
9221 8
9222 10
9223 6
9224 9
9225 10
9226 8
9227 11
9228 11
9229 12
9230 12
9231 11
9232 11
9233 11
9234 9
9235 17
9236 14
9237 12
9238 13
9239 11
9240 14
9241 12
9242 9
9243 9
9244 9
9245 9
9246 11
9247 14
9248 8
9249 9
9250 9
9251 14
9252 9
9253 11
9254 12
9255 13
9256 13
9257 11
9258 10
9259 10
9260 16
9261 10
9262 10
9263 12
9264 8
9265 13
9266 10
9267 12
9268 9
9269 12
9270 10
9271 11
9272 12
9273 11
9274 11
9275 13
9276 8
9277 15
9278 8
9279 12
9280 8
9281 10
9282 11
9283 14
9284 10
9285 14
9286 15
9287 12
9288 9
9289 10
9290 12
9291 13
9292 12
9293 13
9294 11
9295 9
9296 9
9297 7
9298 11
9299 11
9300 15
9301 11
9302 11
9303 11
9304 11
9305 11
9306 8
9307 5
9308 8
9309 11
9310 13
9311 13
9312 12
9313 12
9314 9
9315 12
9316 10
9317 12
9318 10
9319 12
9320 13
9321 9
9322 9
9323 12
9324 7
9325 11
9326 7
9327 12
9328 11
9329 10
9330 7
9331 10
9332 11
9333 13
9334 10
9335 12
9336 11
9337 15
9338 13
9339 9
9340 11
9341 12
9342 11
9343 9
9344 9
9345 14
9346 12
9347 5
9348 8
9349 15
9350 11
9351 10
9352 12
9353 11
9354 10
9355 9
9356 11
9357 10
9358 16
9359 13
9360 12
9361 8
9362 13
9363 12
9364 12
9365 12
9366 7
9367 10
9368 9
9369 10
9370 11
9371 13
9372 11
9373 5
9374 10
9375 10
9376 14
9377 8
9378 12
9379 11
9380 14
9381 12
9382 10
9383 8
9384 10
9385 10
9386 13
9387 12
9388 10
9389 12
9390 10
9391 9
9392 10
9393 10
9394 7
9395 11
9396 11
9397 15
9398 10
9399 13
9400 11
9401 13
9402 11
9403 9
9404 11
9405 11
9406 11
9407 12
9408 12
9409 12
9410 15
9411 9
9412 15
9413 13
9414 6
9415 13
9416 13
9417 13
9418 8
9419 15
9420 9
9421 13
9422 10
9423 8
9424 14
9425 13
9426 9
9427 15
9428 8
9429 10
9430 12
9431 12
9432 10
9433 11
9434 17
9435 10
9436 8
9437 10
9438 10
9439 13
9440 13
9441 11
9442 10
9443 12
9444 8
9445 10
9446 14
9447 9
9448 13
9449 12
9450 14
9451 11
9452 15
9453 9
9454 11
9455 13
9456 11
9457 13
9458 11
9459 10
9460 8
9461 14
9462 8
9463 11
9464 12
9465 14
9466 10
9467 8
9468 16
9469 13
9470 10
9471 11
9472 12
9473 12
9474 12
9475 10
9476 11
9477 12
9478 15
9479 11
9480 12
9481 11
9482 8
9483 6
9484 17
9485 7
9486 11
9487 8
9488 12
9489 7
9490 11
9491 10
9492 10
9493 12
9494 14
9495 11
9496 14
9497 12
9498 9
9499 9
9500 10
9501 12
9502 10
9503 14
9504 12
9505 10
9506 9
9507 9
9508 14
9509 7
9510 10
9511 5
9512 10
9513 10
9514 16
9515 10
9516 9
9517 9
9518 8
9519 12
9520 13
9521 15
9522 14
9523 10
9524 12
9525 10
9526 13
9527 8
9528 11
9529 11
9530 10
9531 10
9532 11
9533 14
9534 13
9535 8
9536 10
9537 7
9538 14
9539 11
9540 8
9541 10
9542 9
9543 12
9544 11
9545 9
9546 13
9547 9
9548 10
9549 10
9550 10
9551 12
9552 11
9553 11
9554 9
9555 10
9556 12
9557 13
9558 9
9559 9
9560 9
9561 11
9562 13
9563 9
9564 12
9565 12
9566 13
9567 11
9568 12
9569 15
9570 12
9571 12
9572 10
9573 11
9574 9
9575 15
9576 10
9577 14
9578 11
9579 13
9580 11
9581 12
9582 10
9583 11
9584 13
9585 12
9586 12
9587 12
9588 9
9589 12
9590 9
9591 14
9592 12
9593 14
9594 13
9595 13
9596 12
9597 10
9598 9
9599 9
9600 13
9601 10
9602 15
9603 10
9604 11
9605 13
9606 13
9607 11
9608 10
9609 10
9610 8
9611 12
9612 13
9613 12
9614 11
9615 10
9616 9
9617 14
9618 10
9619 11
9620 14
9621 10
9622 12
9623 13
9624 12
9625 12
9626 6
9627 8
9628 12
9629 10
9630 12
9631 6
9632 10
9633 12
9634 9
9635 12
9636 11
9637 13
9638 10
9639 7
9640 11
9641 12
9642 10
9643 7
9644 15
9645 12
9646 9
9647 9
9648 13
9649 10
9650 14
9651 5
9652 14
9653 12
9654 11
9655 12
9656 11
9657 8
9658 9
9659 8
9660 15
9661 10
9662 11
9663 12
9664 11
9665 10
9666 10
9667 10
9668 9
9669 11
9670 10
9671 10
9672 10
9673 12
9674 10
9675 14
9676 11
9677 12
9678 9
9679 10
9680 12
9681 11
9682 9
9683 12
9684 13
9685 8
9686 14
9687 12
9688 9
9689 8
9690 10
9691 9
9692 10
9693 9
9694 13
9695 9
9696 16
9697 8
9698 9
9699 12
9700 15
9701 10
9702 12
9703 11
9704 11
9705 9
9706 9
9707 13
9708 13
9709 12
9710 13
9711 15
9712 8
9713 13
9714 9
9715 14
9716 12
9717 10
9718 6
9719 10
9720 8
9721 12
9722 17
9723 10
9724 11
9725 11
9726 9
9727 10
9728 13
9729 13
9730 12
9731 9
9732 15
9733 10
9734 9
9735 9
9736 11
9737 13
9738 10
9739 14
9740 10
9741 10
9742 9
9743 17
9744 11
9745 15
9746 8
9747 13
9748 12
9749 13
9750 13
9751 7
9752 10
9753 13
9754 10
9755 11
9756 9
9757 9
9758 12
9759 6
9760 14
9761 14
9762 8
9763 12
9764 11
9765 8
9766 12
9767 9
9768 6
9769 13
9770 13
9771 8
9772 9
9773 7
9774 8
9775 10
9776 11
9777 9
9778 11
9779 6
9780 10
9781 11
9782 12
9783 12
9784 12
9785 12
9786 8
9787 11
9788 13
9789 12
9790 11
9791 10
9792 12
9793 9
9794 12
9795 5
9796 10
9797 11
9798 6
9799 11
9800 10
9801 14
9802 12
9803 12
9804 12
9805 10
9806 11
9807 9
9808 11
9809 13
9810 9
9811 9
9812 10
9813 8
9814 11
9815 14
9816 7
9817 12
9818 11
9819 15
9820 15
9821 11
9822 12
9823 10
9824 13
9825 10
9826 10
9827 15
9828 12
9829 12
9830 10
9831 11
9832 11
9833 15
9834 8
9835 15
9836 12
9837 10
9838 12
9839 15
9840 11
9841 13
9842 10
9843 14
9844 12
9845 8
9846 12
9847 10
9848 10
9849 10
9850 12
9851 14
9852 8
9853 8
9854 12
9855 14
9856 10
9857 14
9858 11
9859 8
9860 11
9861 11
9862 12
9863 8
9864 11
9865 13
9866 11
9867 13
9868 10
9869 8
9870 12
9871 10
9872 12
9873 10
9874 13
9875 8
9876 14
9877 9
9878 10
9879 13
9880 12
9881 11
9882 7
9883 8
9884 9
9885 10
9886 14
9887 13
9888 8
9889 11
9890 10
9891 10
9892 10
9893 11
9894 12
9895 11
9896 12
9897 10
9898 16
9899 10
9900 12
9901 11
9902 11
9903 13
9904 12
9905 10
9906 12
9907 11
9908 9
9909 10
9910 12
9911 13
9912 12
9913 9
9914 11
9915 15
9916 15
9917 10
9918 11
9919 9
9920 10
9921 12
9922 14
9923 8
9924 13
9925 16
9926 15
9927 16
9928 13
9929 12
9930 9
9931 10
9932 11
9933 11
9934 6
9935 12
9936 12
9937 13
9938 10
9939 8
9940 11
9941 9
9942 12
9943 11
9944 7
9945 12
9946 8
9947 14
9948 16
9949 15
9950 10
9951 14
9952 15
9953 11
9954 13
9955 8
9956 12
9957 12
9958 10
9959 9
9960 12
9961 12
9962 13
9963 9
9964 11
9965 10
9966 10
9967 13
9968 14
9969 15
9970 10
9971 6
9972 10
9973 11
9974 14
9975 11
9976 10
9977 12
9978 9
9979 12
9980 12
9981 9
9982 12
9983 9
9984 7
9985 13
9986 10
9987 9
9988 6
9989 9
9990 8
9991 12
9992 11
9993 11
9994 12
9995 10
9996 10
9997 12
9998 9
9999 10
10000 8
10001 14
10002 12
10003 14
10004 10
10005 6
10006 12
10007 15
10008 10
10009 10
10010 10
10011 5
10012 13
10013 8
10014 14
10015 9
10016 14
10017 9
10018 8
10019 11
10020 11
10021 13
10022 12
10023 11
10024 8
10025 9
10026 14
10027 15
10028 11
10029 9
10030 15
10031 10
10032 12
10033 9
10034 9
10035 10
10036 15
10037 11
10038 11
10039 14
10040 9
10041 12
10042 14
10043 13
10044 10
10045 11
10046 8
10047 12
10048 8
10049 12
10050 11
10051 9
10052 12
10053 11
10054 9
10055 12
10056 10
10057 9
10058 11
10059 11
10060 12
10061 10
10062 13
10063 13
10064 11
10065 15
10066 13
10067 13
10068 12
10069 13
10070 11
10071 11
10072 11
10073 13
10074 9
10075 15
10076 13
10077 12
10078 9
10079 9
10080 12
10081 11
10082 14
10083 8
10084 10
10085 11
10086 10
10087 14
10088 13
10089 9
10090 11
10091 9
10092 14
10093 11
10094 11
10095 10
10096 11
10097 10
10098 10
10099 15
10100 11
10101 14
10102 9
10103 14
10104 10
10105 12
10106 8
10107 10
10108 13
10109 12
10110 11
10111 9
10112 14
10113 11
10114 15
10115 11
10116 9
10117 9
10118 11
10119 16
10120 11
10121 10
10122 11
10123 11
10124 11
10125 11
10126 9
10127 12
10128 10
10129 11
10130 12
10131 10
10132 10
10133 12
10134 11
10135 12
10136 11
10137 8
10138 11
10139 13
10140 11
10141 10
10142 13
10143 13
10144 13
10145 12
10146 14
10147 11
10148 14
10149 9
10150 8
10151 9
10152 9
10153 8
10154 14
10155 12
10156 12
10157 10
10158 14
10159 12
10160 9
10161 12
10162 10
10163 13
10164 10
10165 13
10166 14
10167 9
10168 10
10169 13
10170 12
10171 9
10172 9
10173 13
10174 9
10175 8
10176 11
10177 11
10178 8
10179 9
10180 7
10181 5
10182 13
10183 9
10184 13
10185 12
10186 12
10187 9
10188 14
10189 14
10190 9
10191 10
10192 15
10193 13
10194 11
10195 12
10196 7
10197 10
10198 8
10199 18
10200 9
10201 8
10202 12
10203 11
10204 8
10205 10
10206 13
10207 11
10208 11
10209 15
10210 13
10211 9
10212 10
10213 5
10214 11
10215 12
10216 12
10217 12
10218 13
10219 10
10220 12
10221 9
10222 11
10223 9
10224 10
10225 11
10226 15
10227 13
10228 13
10229 14
10230 10
10231 11
10232 8
10233 10
10234 13
10235 13
10236 13
10237 13
10238 10
10239 12
10240 14
10241 11
10242 10
10243 14
10244 8
10245 11
10246 10
10247 11
10248 11
10249 12
10250 15
10251 12
10252 12
10253 10
10254 10
10255 11
10256 14
10257 15
10258 9
10259 13
10260 10
10261 8
10262 12
10263 8
10264 11
10265 10
10266 9
10267 9
10268 10
10269 10
10270 10
10271 7
10272 17
10273 12
10274 9
10275 7
10276 10
10277 10
10278 9
10279 9
10280 9
10281 11
10282 13
10283 12
10284 15
10285 15
10286 11
10287 13
10288 7
10289 10
10290 14
10291 13
10292 10
10293 12
10294 14
10295 10
10296 11
10297 11
10298 11
10299 12
10300 15
10301 11
10302 8
10303 8
10304 12
10305 15
10306 15
10307 9
10308 14
10309 8
10310 13
10311 10
10312 8
10313 8
10314 11
10315 9
10316 9
10317 9
10318 11
10319 8
10320 7
10321 11
10322 6
10323 11
10324 11
10325 13
10326 12
10327 11
10328 12
10329 9
10330 12
10331 12
10332 9
10333 10
10334 11
10335 10
10336 10
10337 14
10338 14
10339 11
10340 15
10341 12
10342 13
10343 13
10344 12
10345 11
10346 9
10347 13
10348 11
10349 11
10350 12
10351 10
10352 16
10353 7
10354 8
10355 13
10356 12
10357 11
10358 13
10359 14
10360 13
10361 7
10362 12
10363 14
10364 11
10365 14
10366 11
10367 7
10368 12
10369 9
10370 10
10371 14
10372 12
10373 10
10374 10
10375 11
10376 15
10377 8
10378 8
10379 9
10380 10
10381 10
10382 10
10383 9
10384 13
10385 13
10386 10
10387 13
10388 7
10389 13
10390 15
10391 10
10392 15
10393 13
10394 8
10395 12
10396 11
10397 9
10398 13
10399 11
10400 11
10401 11
10402 12
10403 12
10404 9
10405 12
10406 13
10407 9
10408 10
10409 14
10410 9
10411 8
10412 14
10413 11
10414 10
10415 15
10416 8
10417 11
10418 13
10419 15
10420 11
10421 8
10422 10
10423 13
10424 13
10425 13
10426 10
10427 10
10428 13
10429 9
10430 12
10431 11
10432 14
10433 13
10434 10
10435 9
10436 10
10437 15
10438 11
10439 13
10440 10
10441 12
10442 10
10443 12
10444 10
10445 10
10446 9
10447 12
10448 4
10449 10
10450 12
10451 8
10452 12
10453 14
10454 10
10455 12
10456 7
10457 10
10458 11
10459 14
10460 15
10461 11
10462 10
10463 8
10464 10
10465 10
10466 12
10467 7
10468 8
10469 7
10470 11
10471 13
10472 14
10473 10
10474 11
10475 11
10476 9
10477 9
10478 11
10479 12
10480 12
10481 15
10482 13
10483 10
10484 14
10485 9
10486 10
10487 10
10488 8
10489 11
10490 8
10491 11
10492 10
10493 12
10494 10
10495 13
10496 13
10497 12
10498 7
10499 12
10500 9
10501 10
10502 13
10503 11
10504 11
10505 11
10506 8
10507 9
10508 10
10509 12
10510 14
10511 10
10512 13
10513 11
10514 8
10515 11
10516 13
10517 14
10518 11
10519 5
10520 13
10521 12
10522 12
10523 15
10524 11
10525 11
10526 12
10527 12
10528 15
10529 15
10530 9
10531 12
10532 11
10533 9
10534 12
10535 10
10536 12
10537 15
10538 10
10539 14
10540 12
10541 7
10542 11
10543 11
10544 10
10545 11
10546 8
10547 12
10548 11
10549 8
10550 9
10551 13
10552 6
10553 11
10554 9
10555 10
10556 9
10557 12
10558 19
10559 13
10560 14
10561 11
10562 11
10563 10
10564 11
10565 10
10566 14
10567 13
10568 7
10569 12
10570 10
10571 14
10572 11
10573 10
10574 12
10575 9
10576 8
10577 10
10578 14
10579 11
10580 12
10581 10
10582 9
10583 14
10584 13
10585 11
10586 5
10587 11
10588 13
10589 11
10590 7
10591 8
10592 8
10593 10
10594 12
10595 14
10596 14
10597 14
10598 12
10599 12
10600 16
10601 13
10602 12
10603 10
10604 12
10605 11
10606 8
10607 13
10608 10
10609 11
10610 10
10611 16
10612 13
10613 13
10614 9
10615 8
10616 10
10617 12
10618 10
10619 9
10620 8
10621 8
10622 7
10623 6
10624 11
10625 16
10626 10
10627 12
10628 5
10629 13
10630 11
10631 11
10632 14
10633 11
10634 10
10635 6
10636 7
10637 11
10638 9
10639 12
10640 10
10641 12
10642 14
10643 5
10644 11
10645 9
10646 13
10647 13
10648 10
10649 10
10650 11
10651 10
10652 11
10653 11
10654 10
10655 9
10656 12
10657 12
10658 9
10659 8
10660 14
10661 10
10662 6
10663 10
10664 12
10665 12
10666 11
10667 11
10668 9
10669 10
10670 11
10671 12
10672 9
10673 8
10674 12
10675 11
10676 10
10677 8
10678 8
10679 12
10680 8
10681 9
10682 10
10683 17
10684 13
10685 11
10686 10
10687 12
10688 8
10689 12
10690 9
10691 10
10692 13
10693 11
10694 10
10695 14
10696 7
10697 10
10698 12
10699 9
10700 12
10701 15
10702 13
10703 10
10704 14
10705 15
10706 11
10707 15
10708 15
10709 14
10710 8
10711 13
10712 9
10713 11
10714 10
10715 13
10716 10
10717 12
10718 12
10719 12
10720 17
10721 10
10722 11
10723 10
10724 11
10725 11
10726 12
10727 11
10728 10
10729 13
10730 8
10731 10
10732 12
10733 12
10734 11
10735 8
10736 11
10737 14
10738 12
10739 10
10740 6
10741 13
10742 8
10743 8
10744 8
10745 11
10746 10
10747 14
10748 12
10749 12
10750 9
10751 4
10752 10
10753 15
10754 13
10755 9
10756 9
10757 9
10758 11
10759 10
10760 11
10761 9
10762 13
10763 10
10764 12
10765 10
10766 12
10767 9
10768 10
10769 18
10770 8
10771 6
10772 13
10773 11
10774 10
10775 11
10776 11
10777 10
10778 6
10779 11
10780 10
10781 14
10782 13
10783 15
10784 8
10785 9
10786 10
10787 10
10788 13
10789 12
10790 14
10791 7
10792 12
10793 15
10794 13
10795 11
10796 9
10797 7
10798 13
10799 9
10800 10
10801 10
10802 12
10803 13
10804 9
10805 12
10806 13
10807 12
10808 7
10809 12
10810 12
10811 6
10812 14
10813 13
10814 11
10815 12
10816 13
10817 8
10818 12
10819 12
10820 14
10821 10
10822 9
10823 11
10824 10
10825 12
10826 12
10827 12
10828 10
10829 8
10830 14
10831 10
10832 10
10833 7
10834 11
10835 15
10836 12
10837 12
10838 12
10839 12
10840 13
10841 10
10842 12
10843 10
10844 8
10845 9
10846 11
10847 11
10848 11
10849 7
10850 10
10851 14
10852 10
10853 11
10854 12
10855 8
10856 12
10857 12
10858 13
10859 11
10860 12
10861 11
10862 10
10863 9
10864 9
10865 13
10866 15
10867 8
10868 11
10869 10
10870 14
10871 13
10872 12
10873 9
10874 10
10875 12
10876 15
10877 12
10878 13
10879 13
10880 14
10881 10
10882 15
10883 13
10884 11
10885 11
10886 11
10887 10
10888 10
10889 8
10890 10
10891 6
10892 7
10893 12
10894 7
10895 8
10896 9
10897 10
10898 9
10899 8
10900 11
10901 13
10902 13
10903 11
10904 9
10905 9
10906 11
10907 12
10908 12
10909 11
10910 11
10911 6
10912 12
10913 16
10914 14
10915 10
10916 8
10917 9
10918 8
10919 9
10920 11
10921 11
10922 11
10923 11
10924 10
10925 11
10926 11
10927 10
10928 9
10929 13
10930 9
10931 10
10932 15
10933 10
10934 8
10935 11
10936 13
10937 10
10938 10
10939 8
10940 14
10941 11
10942 10
10943 10
10944 9
10945 12
10946 16
10947 10
10948 11
10949 11
10950 8
10951 8
10952 16
10953 12
10954 15
10955 11
10956 10
10957 10
10958 13
10959 15
10960 14
10961 10
10962 10
10963 12
10964 10
10965 12
10966 12
10967 13
10968 11
10969 10
10970 8
10971 11
10972 9
10973 12
10974 9
10975 16
10976 12
10977 11
10978 12
10979 9
10980 9
10981 12
10982 12
10983 10
10984 11
10985 12
10986 11
10987 10
10988 10
10989 16
10990 11
10991 14
10992 11
10993 7
10994 11
10995 10
10996 12
10997 10
10998 10
10999 13
11000 10
11001 11
11002 8
11003 14
11004 10
11005 9
11006 14
11007 8
11008 14
11009 8
11010 12
11011 10
11012 11
11013 13
11014 11
11015 9
11016 6
11017 13
11018 6
11019 10
11020 12
11021 14
11022 11
11023 10
11024 11
11025 14
11026 13
11027 14
11028 12
11029 12
11030 10
11031 8
11032 12
11033 14
11034 15
11035 11
11036 12
11037 12
11038 10
11039 9
11040 10
11041 15
11042 10
11043 9
11044 14
11045 11
11046 7
11047 9
11048 11
11049 9
11050 10
11051 11
11052 12
11053 11
11054 13
11055 10
11056 11
11057 9
11058 8
11059 15
11060 11
11061 14
11062 12
11063 12
11064 9
11065 11
11066 7
11067 13
11068 12
11069 6
11070 15
11071 6
11072 11
11073 8
11074 8
11075 13
11076 13
11077 10
11078 9
11079 14
11080 9
11081 11
11082 10
11083 12
11084 13
11085 15
11086 12
11087 11
11088 13
11089 7
11090 12
11091 10
11092 10
11093 13
11094 10
11095 12
11096 6
11097 14
11098 10
11099 5
11100 10
11101 14
11102 15
11103 10
11104 10
11105 7
11106 12
11107 12
11108 13
11109 10
11110 8
11111 9
11112 10
11113 15
11114 12
11115 12
11116 13
11117 12
11118 11
11119 10
11120 13
11121 10
11122 11
11123 12
11124 9
11125 8
11126 10
11127 17
11128 12
11129 12
11130 12
11131 4
11132 10
11133 10
11134 10
11135 13
11136 15
11137 10
11138 8
11139 13
11140 7
11141 12
11142 10
11143 11
11144 13
11145 10
11146 11
11147 11
11148 10
11149 9
11150 11
11151 9
11152 10
11153 12
11154 11
11155 8
11156 11
11157 13
11158 12
11159 10
11160 14
11161 11
11162 7
11163 11
11164 11
11165 7
11166 11
11167 13
11168 9
11169 11
11170 9
11171 10
11172 12
11173 12
11174 14
11175 13
11176 11
11177 12
11178 11
11179 12
11180 15
11181 10
11182 8
11183 13
11184 13
11185 11
11186 9
11187 13
11188 9
11189 12
11190 12
11191 15
11192 16
11193 9
11194 10
11195 8
11196 8
11197 8
11198 14
11199 8
11200 10
11201 12
11202 13
11203 8
11204 13
11205 14
11206 13
11207 9
11208 11
11209 10
11210 11
11211 7
11212 10
11213 10
11214 11
11215 12
11216 14
11217 6
11218 11
11219 11
11220 11
11221 13
11222 14
11223 11
11224 8
11225 9
11226 10
11227 10
11228 9
11229 14
11230 11
11231 11
11232 10
11233 10
11234 7
11235 8
11236 11
11237 14
11238 9
11239 7
11240 11
11241 11
11242 9
11243 10
11244 6
11245 9
11246 7
11247 9
11248 11
11249 9
11250 9
11251 9
11252 8
11253 11
11254 10
11255 14
11256 12
11257 11
11258 12
11259 11
11260 10
11261 14
11262 11
11263 12
11264 10
11265 8
11266 10
11267 10
11268 13
11269 13
11270 14
11271 8
11272 10
11273 11
11274 12
11275 12
11276 14
11277 14
11278 11
11279 13
11280 13
11281 16
11282 13
11283 12
11284 16
11285 9
11286 9
11287 12
11288 10
11289 12
11290 10
11291 16
11292 12
11293 15
11294 10
11295 12
11296 12
11297 9
11298 7
11299 10
11300 13
11301 11
11302 6
11303 12
11304 14
11305 11
11306 14
11307 9
11308 13
11309 8
11310 7
11311 10
11312 13
11313 8
11314 13
11315 11
11316 8
11317 10
11318 9
11319 7
11320 11
11321 10
11322 7
11323 10
11324 12
11325 9
11326 7
11327 12
11328 12
11329 13
11330 7
11331 11
11332 8
11333 13
11334 11
11335 8
11336 10
11337 10
11338 9
11339 12
11340 14
11341 12
11342 12
11343 11
11344 17
11345 13
11346 15
11347 8
11348 11
11349 12
11350 8
11351 9
11352 10
11353 8
11354 14
11355 7
11356 11
11357 10
11358 9
11359 8
11360 15
11361 11
11362 11
11363 10
11364 13
11365 11
11366 16
11367 8
11368 12
11369 13
11370 10
11371 9
11372 11
11373 11
11374 13
11375 13
11376 13
11377 9
11378 9
11379 11
11380 11
11381 6
11382 13
11383 10
11384 13
11385 7
11386 11
11387 10
11388 10
11389 12
11390 7
11391 9
11392 9
11393 7
11394 10
11395 8
11396 11
11397 4
11398 9
11399 10
11400 10
11401 9
11402 11
11403 10
11404 12
11405 9
11406 9
11407 10
11408 14
11409 11
11410 8
11411 11
11412 12
11413 13
11414 10
11415 14
11416 8
11417 12
11418 11
11419 8
11420 12
11421 12
11422 9
11423 8
11424 11
11425 8
11426 14
11427 8
11428 10
11429 8
11430 10
11431 10
11432 8
11433 9
11434 13
11435 7
11436 11
11437 13
11438 9
11439 13
11440 12
11441 12
11442 7
11443 10
11444 12
11445 13
11446 8
11447 13
11448 10
11449 13
11450 11
11451 10
11452 9
11453 10
11454 8
11455 11
11456 11
11457 11
11458 7
11459 11
11460 12
11461 11
11462 9
11463 9
11464 11
11465 7
11466 10
11467 10
11468 10
11469 11
11470 9
11471 12
11472 12
11473 13
11474 11
11475 7
11476 6
11477 8
11478 9
11479 8
11480 12
11481 8
11482 9
11483 10
11484 12
11485 14
11486 8
11487 11
11488 10
11489 13
11490 19
11491 13
11492 13
11493 8
11494 10
11495 9
11496 17
11497 8
11498 13
11499 7
11500 12
11501 11
11502 11
11503 11
11504 12
11505 11
11506 12
11507 13
11508 12
11509 12
11510 11
11511 11
11512 12
11513 11
11514 10
11515 14
11516 12
11517 11
11518 12
11519 9
11520 9
11521 12
11522 9
11523 13
11524 11
11525 10
11526 13
11527 11
11528 13
11529 9
11530 10
11531 11
11532 14
11533 14
11534 12
11535 11
11536 12
11537 8
11538 10
11539 11
11540 12
11541 13
11542 9
11543 11
11544 11
11545 14
11546 12
11547 9
11548 13
11549 11
11550 11
11551 8
11552 14
11553 7
11554 8
11555 9
11556 10
11557 11
11558 12
11559 11
11560 7
11561 15
11562 11
11563 12
11564 8
11565 12
11566 10
11567 11
11568 9
11569 12
11570 14
11571 10
11572 10
11573 14
11574 12
11575 11
11576 11
11577 12
11578 13
11579 11
11580 12
11581 14
11582 11
11583 13
11584 8
11585 11
11586 7
11587 8
11588 13
11589 11
11590 12
11591 11
11592 7
11593 11
11594 11
11595 12
11596 11
11597 13
11598 8
11599 12
11600 10
11601 10
11602 13
11603 11
11604 13
11605 12
11606 12
11607 11
11608 10
11609 8
11610 12
11611 12
11612 12
11613 12
11614 14
11615 12
11616 8
11617 15
11618 11
11619 15
11620 11
11621 7
11622 9
11623 10
11624 7
11625 11
11626 13
11627 14
11628 11
11629 12
11630 14
11631 12
11632 11
11633 9
11634 12
11635 7
11636 11
11637 6
11638 8
11639 14
11640 12
11641 10
11642 9
11643 12
11644 15
11645 10
11646 7
11647 12
11648 10
11649 16
11650 12
11651 14
11652 13
11653 9
11654 13
11655 13
11656 8
11657 15
11658 14
11659 11
11660 10
11661 11
11662 8
11663 10
11664 12
11665 9
11666 11
11667 7
11668 5
11669 9
11670 10
11671 7
11672 14
11673 11
11674 9
11675 10
11676 13
11677 14
11678 13
11679 7
11680 14
11681 11
11682 14
11683 10
11684 9
11685 9
11686 13
11687 12
11688 12
11689 11
11690 15
11691 11
11692 16
11693 10
11694 12
11695 10
11696 15
11697 9
11698 8
11699 13
11700 11
11701 11
11702 14
11703 12
11704 10
11705 12
11706 16
11707 14
11708 13
11709 13
11710 17
11711 11
11712 11
11713 11
11714 7
11715 13
11716 11
11717 13
11718 9
11719 12
11720 12
11721 9
11722 13
11723 11
11724 10
11725 10
11726 15
11727 15
11728 9
11729 10
11730 14
11731 11
11732 11
11733 9
11734 14
11735 11
11736 7
11737 8
11738 13
11739 10
11740 10
11741 4
11742 14
11743 7
11744 12
11745 10
11746 9
11747 9
11748 12
11749 9
11750 11
11751 10
11752 13
11753 14
11754 10
11755 11
11756 10
11757 10
11758 7
11759 10
11760 11
11761 11
11762 12
11763 12
11764 10
11765 10
11766 14
11767 11
11768 8
11769 8
11770 9
11771 11
11772 14
11773 7
11774 12
11775 14
11776 14
11777 13
11778 10
11779 15
11780 14
11781 11
11782 8
11783 10
11784 10
11785 5
11786 8
11787 7
11788 9
11789 16
11790 8
11791 12
11792 14
11793 10
11794 13
11795 9
11796 12
11797 9
11798 12
11799 11
11800 15
11801 13
11802 11
11803 12
11804 10
11805 9
11806 12
11807 11
11808 12
11809 10
11810 9
11811 7
11812 10
11813 13
11814 9
11815 12
11816 11
11817 13
11818 11
11819 11
11820 8
11821 10
11822 9
11823 13
11824 9
11825 9
11826 13
11827 10
11828 9
11829 10
11830 13
11831 7
11832 12
11833 15
11834 11
11835 12
11836 16
11837 11
11838 11
11839 12
11840 7
11841 11
11842 14
11843 13
11844 9
11845 11
11846 12
11847 13
11848 11
11849 11
11850 12
11851 8
11852 6
11853 7
11854 7
11855 12
11856 11
11857 13
11858 15
11859 11
11860 9
11861 10
11862 12
11863 12
11864 9
11865 12
11866 11
11867 10
11868 11
11869 12
11870 13
11871 11
11872 13
11873 6
11874 13
11875 13
11876 14
11877 10
11878 9
11879 13
11880 10
11881 12
11882 11
11883 9
11884 10
11885 10
11886 12
11887 17
11888 14
11889 13
11890 12
11891 11
11892 12
11893 7
11894 10
11895 10
11896 10
11897 12
11898 11
11899 9
11900 6
11901 11
11902 12
11903 9
11904 10
11905 11
11906 12
11907 10
11908 10
11909 10
11910 10
11911 10
11912 9
11913 8
11914 9
11915 11
11916 10
11917 11
11918 11
11919 14
11920 13
11921 16
11922 7
11923 14
11924 11
11925 11
11926 11
11927 13
11928 11
11929 16
11930 13
11931 12
11932 10
11933 11
11934 14
11935 14
11936 11
11937 13
11938 11
11939 10
11940 10
11941 12
11942 11
11943 9
11944 13
11945 10
11946 13
11947 11
11948 11
11949 11
11950 9
11951 12
11952 12
11953 11
11954 11
11955 10
11956 14
11957 11
11958 11
11959 9
11960 11
11961 11
11962 13
11963 9
11964 11
11965 14
11966 11
11967 10
11968 11
11969 12
11970 16
11971 14
11972 11
11973 12
11974 12
11975 17
11976 10
11977 7
11978 12
11979 12
11980 8
11981 14
11982 11
11983 9
11984 13
11985 13
11986 10
11987 18
11988 14
11989 14
11990 10
11991 9
11992 12
11993 14
11994 11
11995 10
11996 11
11997 9
11998 12
11999 8
12000 13
12001 13
12002 10
12003 14
12004 12
12005 8
12006 10
12007 12
12008 14
12009 11
12010 6
12011 13
12012 14
12013 12
12014 14
12015 9
12016 13
12017 10
12018 10
12019 14
12020 13
12021 10
12022 11
12023 12
12024 14
12025 11
12026 10
12027 11
12028 10
12029 9
12030 8
12031 11
12032 14
12033 8
12034 17
12035 12
12036 13
12037 15
12038 8
12039 8
12040 17
12041 11
12042 10
12043 12
12044 13
12045 12
12046 10
12047 11
12048 9
12049 13
12050 9
12051 7
12052 11
12053 13
12054 9
12055 13
12056 11
12057 10
12058 12
12059 10
12060 11
12061 10
12062 11
12063 9
12064 14
12065 11
12066 12
12067 10
12068 12
12069 12
12070 18
12071 10
12072 11
12073 11
12074 8
12075 12
12076 11
12077 14
12078 6
12079 13
12080 9
12081 10
12082 14
12083 8
12084 14
12085 11
12086 11
12087 11
12088 9
12089 13
12090 10
12091 12
12092 14
12093 11
12094 9
12095 7
12096 14
12097 12
12098 16
12099 15
12100 10
12101 13
12102 12
12103 11
12104 7
12105 9
12106 10
12107 14
12108 8
12109 14
12110 11
12111 14
12112 9
12113 10
12114 7
12115 12
12116 13
12117 11
12118 14
12119 10
12120 15
12121 8
12122 11
12123 13
12124 6
12125 13
12126 10
12127 9
12128 8
12129 13
12130 9
12131 11
12132 12
12133 8
12134 14
12135 13
12136 14
12137 13
12138 11
12139 7
12140 9
12141 10
12142 11
12143 12
12144 12
12145 12
12146 9
12147 9
12148 7
12149 10
12150 8
12151 8
12152 14
12153 9
12154 12
12155 9
12156 13
12157 13
12158 8
12159 12
12160 12
12161 14
12162 14
12163 12
12164 8
12165 11
12166 8
12167 12
12168 8
12169 11
12170 9
12171 15
12172 11
12173 9
12174 11
12175 13
12176 7
12177 11
12178 9
12179 14
12180 14
12181 7
12182 13
12183 15
12184 14
12185 12
12186 13
12187 10
12188 14
12189 8
12190 11
12191 11
12192 9
12193 7
12194 15
12195 12
12196 9
12197 7
12198 10
12199 7
12200 12
12201 12
12202 11
12203 11
12204 12
12205 12
12206 11
12207 8
12208 10
12209 13
12210 15
12211 10
12212 11
12213 8
12214 12
12215 11
12216 12
12217 13
12218 11
12219 13
12220 13
12221 13
12222 11
12223 12
12224 8
12225 11
12226 16
12227 8
12228 7
12229 14
12230 13
12231 9
12232 13
12233 8
12234 12
12235 15
12236 13
12237 12
12238 11
12239 13
12240 11
12241 11
12242 17
12243 9
12244 12
12245 7
12246 10
12247 13
12248 10
12249 10
12250 11
12251 13
12252 14
12253 12
12254 12
12255 16
12256 14
12257 12
12258 16
12259 10
12260 9
12261 8
12262 9
12263 11
12264 9
12265 9
12266 12
12267 11
12268 10
12269 11
12270 12
12271 9
12272 12
12273 12
12274 13
12275 8
12276 9
12277 11
12278 11
12279 13
12280 10
12281 10
12282 19
12283 9
12284 16
12285 11
12286 9
12287 12
12288 11
12289 9
12290 10
12291 10
12292 8
12293 11
12294 12
12295 10
12296 11
12297 13
12298 12
12299 15
12300 8
12301 9
12302 14
12303 10
12304 10
12305 13
12306 11
12307 18
12308 15
12309 11
12310 10
12311 13
12312 11
12313 13
12314 10
12315 13
12316 11
12317 10
12318 11
12319 11
12320 12
12321 15
12322 10
12323 11
12324 10
12325 12
12326 14
12327 10
12328 14
12329 6
12330 16
12331 12
12332 10
12333 10
12334 10
12335 11
12336 12
12337 12
12338 9
12339 13
12340 15
12341 9
12342 12
12343 10
12344 8
12345 10
12346 10
12347 8
12348 12
12349 20
12350 13
12351 12
12352 12
12353 12
12354 9
12355 9
12356 9
12357 11
12358 7
12359 8
12360 11
12361 7
12362 12
12363 7
12364 15
12365 12
12366 9
12367 12
12368 12
12369 11
12370 12
12371 11
12372 11
12373 10
12374 10
12375 5
12376 11
12377 14
12378 10
12379 11
12380 14
12381 14
12382 9
12383 11
12384 11
12385 11
12386 16
12387 13
12388 13
12389 10
12390 12
12391 6
12392 11
12393 10
12394 12
12395 7
12396 12
12397 14
12398 13
12399 14
12400 10
12401 11
12402 10
12403 11
12404 11
12405 9
12406 9
12407 16
12408 5
12409 10
12410 11
12411 10
12412 9
12413 13
12414 11
12415 10
12416 14
12417 12
12418 13
12419 12
12420 11
12421 12
12422 10
12423 9
12424 10
12425 12
12426 8
12427 11
12428 11
12429 11
12430 10
12431 11
12432 14
12433 11
12434 10
12435 7
12436 5
12437 9
12438 14
12439 11
12440 11
12441 7
12442 7
12443 9
12444 10
12445 11
12446 7
12447 10
12448 12
12449 13
12450 11
12451 11
12452 9
12453 8
12454 9
12455 12
12456 11
12457 10
12458 11
12459 13
12460 10
12461 11
12462 12
12463 17
12464 11
12465 13
12466 10
12467 8
12468 9
12469 12
12470 11
12471 9
12472 10
12473 10
12474 8
12475 13
12476 13
12477 12
12478 14
12479 10
12480 10
12481 12
12482 6
12483 11
12484 9
12485 14
12486 7
12487 8
12488 9
12489 6
12490 9
12491 12
12492 11
12493 8
12494 13
12495 12
12496 15
12497 14
12498 12
12499 10
12500 16
12501 12
12502 10
12503 14
12504 8
12505 9
12506 8
12507 9
12508 13
12509 11
12510 10
12511 13
12512 9
12513 10
12514 15
12515 10
12516 9
12517 12
12518 7
12519 11
12520 12
12521 11
12522 10
12523 12
12524 11
12525 9
12526 12
12527 9
12528 10
12529 9
12530 13
12531 13
12532 13
12533 8
12534 10
12535 10
12536 10
12537 7
12538 9
12539 11
12540 13
12541 11
12542 12
12543 12
12544 8
12545 9
12546 12
12547 10
12548 10
12549 10
12550 11
12551 11
12552 7
12553 10
12554 10
12555 6
12556 11
12557 10
12558 13
12559 12
12560 12
12561 14
12562 10
12563 14
12564 8
12565 12
12566 12
12567 14
12568 12
12569 12
12570 10
12571 13
12572 9
12573 15
12574 9
12575 13
12576 11
12577 13
12578 11
12579 10
12580 8
12581 10
12582 8
12583 11
12584 13
12585 11
12586 12
12587 13
12588 9
12589 14
12590 12
12591 13
12592 13
12593 8
12594 10
12595 12
12596 13
12597 11
12598 8
12599 13
12600 13
12601 9
12602 13
12603 16
12604 15
12605 10
12606 9
12607 11
12608 8
12609 12
12610 10
12611 15
12612 6
12613 14
12614 12
12615 13
12616 10
12617 8
12618 8
12619 14
12620 7
12621 7
12622 10
12623 11
12623 2
