0 81
1 13
2 12
3 12
4 10
5 9
6 10
7 11
8 7
9 14
10 12
11 17
12 13
13 9
14 13
15 9
16 12
17 12
18 11
19 15
20 10
21 7
22 11
23 12
24 13
25 9
26 12
27 10
28 16
29 10
30 13
31 7
32 10
33 12
34 10
35 8
36 9
37 11
38 12
39 16
40 15
41 8
42 12
43 11
44 9
45 9
46 12
47 11
48 9
49 16
50 12
51 14
52 8
53 12
54 9
55 11
56 16
57 12
58 11
59 11
60 16
61 7
62 12
63 10
64 13
65 10
66 12
67 8
68 9
69 8
70 10
71 15
72 14
73 10
74 8
75 8
76 11
77 12
78 10
79 11
80 12
81 12
82 11
83 8
84 13
85 11
86 12
87 12
88 10
89 12
90 13
91 12
92 11
93 9
94 9
95 12
96 12
97 11
98 11
99 12
100 11
