0 86
1 12
2 8
3 9
4 10
5 12
6 10
7 10
8 10
9 9
10 12
11 11
12 13
13 8
14 7
15 9
16 9
17 15
18 10
19 5
20 14
21 7
22 11
23 13
24 8
25 12
26 10
27 8
28 12
29 16
30 12
31 8
32 12
33 11
34 12
35 10
36 12
37 13
38 13
39 11
40 8
41 10
42 10
43 10
44 8
45 9
46 7
47 11
48 15
49 9
50 7
51 9
52 12
53 13
54 9
55 12
56 11
57 12
58 11
59 8
60 12
61 13
62 11
63 10
64 11
65 10
66 13
67 11
68 10
69 14
70 10
71 13
72 11
73 5
74 15
75 14
76 14
77 12
78 13
79 11
80 10
81 16
82 10
83 9
84 7
85 7
86 12
87 15
88 13
89 6
90 4
91 11
92 8
93 9
94 10
95 14
96 14
97 10
98 8
99 16
100 13
101 14
102 12
103 9
104 10
105 8
106 9
107 14
108 10
109 13
110 8
111 11
112 10
113 9
114 11
115 9
116 15
117 8
118 10
119 14
120 10
121 11
122 13
123 13
124 11
125 12
126 14
127 16
128 9
129 12
130 12
131 8
132 17
133 10
134 7
135 10
136 8
137 11
138 13
139 9
140 12
141 15
142 12
143 13
144 8
145 11
146 10
147 12
148 6
149 12
150 11
151 11
152 9
153 13
154 12
155 10
156 13
157 12
158 10
159 12
160 13
161 10
162 12
163 13
164 9
165 9
166 11
167 13
168 10
169 13
170 10
171 12
172 13
173 9
174 12
175 14
176 9
177 9
178 12
179 11
180 6
181 11
182 14
183 10
184 10
185 8
186 8
187 10
188 9
189 11
190 8
191 10
192 14
193 11
194 9
195 14
196 11
197 7
198 7
199 13
200 12
201 10
202 12
203 9
204 11
205 11
206 10
207 9
208 12
209 13
210 10
211 11
212 11
213 13
214 9
215 13
216 15
217 10
218 10
219 11
220 16
221 12
222 7
223 12
224 11
225 9
226 13
227 7
228 8
229 11
230 15
231 12
232 11
233 13
234 9
235 13
236 13
237 13
238 7
239 8
240 10
241 9
242 12
243 10
244 7
245 8
246 9
247 12
248 16
249 13
250 9
251 8
252 10
253 11
254 14
255 13
256 14
257 14
258 12
259 10
260 11
261 9
262 9
263 10
264 8
265 16
266 11
267 11
268 14
269 9
270 10
271 11
272 12
273 11
274 11
275 11
276 14
277 10
278 12
279 17
280 10
281 13
282 13
283 12
284 10
285 10
286 8
287 13
288 12
289 12
290 10
291 12
292 14
293 14
294 16
295 13
296 11
297 12
298 10
299 11
300 10
301 10
302 12
303 13
304 8
305 10
306 11
307 12
308 13
309 11
310 10
311 12
312 15
313 11
314 11
315 12
316 12
317 10
318 11
319 15
320 9
321 15
322 5
323 9
324 12
325 16
326 12
327 10
328 11
329 11
330 12
331 10
332 10
333 7
334 12
335 9
336 11
337 11
338 10
339 13
340 13
341 12
342 10
343 15
344 13
345 15
346 11
347 10
348 11
349 13
350 11
351 16
352 10
353 10
354 13
355 13
356 7
357 14
358 11
359 12
360 6
361 15
362 9
363 12
364 9
365 9
366 13
367 11
368 15
369 8
370 12
371 13
372 12
373 14
374 11
375 16
376 9
377 9
378 12
379 8
380 6
381 11
382 9
383 8
384 10
385 11
386 14
387 12
388 11
389 10
390 13
391 8
392 14
393 10
394 11
395 10
396 12
397 10
398 9
399 11
400 15
401 9
402 10
403 9
404 11
405 14
406 14
407 10
408 8
409 10
410 9
411 15
412 11
413 6
414 14
415 14
416 11
417 16
418 11
419 13
420 12
421 10
422 12
423 12
424 9
425 9
426 11
427 13
428 12
429 13
430 14
431 12
432 12
433 11
434 9
435 10
436 12
437 12
438 9
439 14
440 8
441 10
442 11
443 10
444 11
445 11
446 11
447 10
448 9
449 9
450 13
451 15
452 10
453 9
454 13
455 8
456 12
457 8
458 13
459 16
460 13
461 10
462 7
463 9
464 12
465 10
466 10
467 9
468 15
469 8
470 8
471 13
472 11
473 8
474 8
475 11
476 14
477 12
478 11
479 10
480 11
481 12
482 9
483 14
484 16
485 11
486 12
487 12
488 9
489 15
490 11
491 9
492 10
493 11
494 13
495 8
496 9
497 9
498 12
499 12
500 10
501 12
502 13
503 6
504 10
505 8
506 11
507 10
508 10
509 11
510 12
511 12
512 11
513 10
514 11
515 8
516 9
517 10
518 10
519 14
520 14
521 9
522 12
523 10
524 13
525 15
526 11
527 8
528 15
529 13
530 12
531 9
532 11
533 13
534 9
535 11
536 11
537 10
538 14
539 10
540 11
541 10
542 10
543 13
544 6
545 12
546 11
547 11
548 9
549 17
550 12
551 9
552 12
553 11
554 12
555 11
556 11
557 8
558 11
559 9
560 10
561 9
562 9
563 12
564 12
565 9
566 11
567 12
568 9
569 12
570 11
571 10
572 11
573 12
574 11
575 8
576 14
577 14
578 10
579 12
580 10
581 14
582 12
583 12
584 13
585 10
586 12
587 14
588 11
589 14
590 12
591 10
592 15
593 11
594 9
595 15
596 8
597 6
598 13
599 7
600 12
601 11
602 10
603 10
604 10
605 16
606 11
607 11
608 10
609 12
610 11
611 9
612 12
613 7
614 9
615 12
616 14
617 9
618 12
619 9
620 12
621 6
622 13
623 10
624 10
625 9
626 7
627 9
628 12
629 9
630 9
631 11
632 13
633 13
634 9
635 13
636 13
637 10
638 11
639 12
640 10
641 13
642 13
643 11
644 12
645 12
646 11
647 7
648 12
649 10
650 12
651 9
652 10
653 9
654 14
655 15
656 12
657 8
658 8
659 14
660 9
661 8
662 11
663 9
664 9
665 12
666 12
667 12
668 8
669 12
670 13
671 9
672 11
673 11
674 11
675 12
676 11
677 11
678 13
679 6
680 14
681 10
682 12
683 8
684 11
685 12
686 13
687 11
688 9
689 12
690 14
691 14
692 7
693 10
694 12
695 8
696 9
697 15
698 10
699 10
700 8
701 11
702 12
703 12
704 13
705 12
706 13
707 10
708 15
709 13
710 11
711 9
712 15
713 10
714 6
715 10
716 12
717 13
718 14
719 11
720 9
721 13
722 9
723 11
724 9
725 12
726 12
727 10
728 12
729 8
730 13
731 8
732 12
733 8
734 11
735 14
736 11
737 8
738 14
739 13
740 10
741 10
742 13
743 11
744 13
745 10
746 13
747 16
748 10
749 13
750 11
751 10
752 11
753 9
754 13
755 7
756 12
757 12
758 8
759 8
760 14
761 10
762 8
763 14
764 9
765 11
766 12
767 12
768 12
769 13
770 10
771 11
772 11
773 7
774 12
775 10
776 12
777 7
778 10
779 11
780 12
781 9
782 9
783 12
784 10
785 14
786 9
787 8
788 12
789 12
790 8
791 9
792 8
793 11
794 11
795 14
796 11
797 10
798 13
799 11
800 9
801 8
802 10
803 13
804 9
805 12
806 9
807 10
808 7
809 12
810 15
811 15
812 15
813 15
814 15
815 15
816 15
817 15
818 15
819 15
820 15
821 15
822 15
823 15
824 15
825 15
826 15
827 15
828 15
829 15
830 15
831 15
832 15
833 15
834 15
835 15
836 15
837 15
838 15
839 15
840 15
841 15
842 15
843 15
844 15
845 15
846 15
847 15
848 15
849 15
850 15
851 15
852 15
853 15
854 15
855 15
856 15
857 15
858 15
859 15
860 15
861 15
862 15
863 15
864 15
865 15
866 15
867 15
868 15
869 15
870 15
871 15
872 15
873 15
874 15
875 15
876 15
877 15
878 15
879 15
880 15
881 15
882 15
883 15
884 15
885 15
886 15
887 15
888 15
889 15
890 15
891 15
892 15
893 15
894 15
895 15
896 15
897 15
898 15
899 15
900 15
901 15
902 15
903 15
904 15
905 15
906 15
907 15
908 15
909 15
910 15
911 15
912 15
913 15
914 15
915 15
916 15
917 15
918 15
919 15
920 15
921 15
922 15
923 15
924 15
925 15
926 15
927 15
928 15
929 15
930 15
931 15
932 15
933 15
934 15
935 15
936 15
937 15
938 15
939 15
940 15
941 15
942 15
943 15
944 15
945 15
946 15
947 15
948 15
949 15
950 15
951 15
952 15
953 15
954 15
955 15
956 15
957 15
958 15
959 15
960 15
961 15
962 15
963 15
964 15
965 15
966 15
967 15
968 15
969 15
970 15
971 15
972 15
973 15
974 15
975 15
976 15
977 15
978 15
979 15
980 15
981 15
982 15
983 15
984 15
985 15
986 15
987 15
988 15
989 15
990 15
991 15
992 15
993 15
994 15
995 15
996 15
997 15
998 15
999 15
1000 15
