0 92
1 14
2 11
3 12
4 13
5 7
6 15
7 8
8 14
9 14
10 12
11 14
12 10
13 11
14 11
15 13
16 13
17 10
18 6
19 14
20 10
21 11
22 15
23 8
24 10
25 11
26 6
27 13
28 8
29 9
30 13
31 14
32 10
33 14
34 12
35 10
36 9
37 11
38 10
39 13
40 10
41 9
42 11
43 11
44 17
45 12
46 10
47 13
48 13
49 9
50 8
51 14
52 13
53 9
54 13
55 11
56 9
57 13
58 8
59 10
60 16
61 12
62 13
63 13
64 16
65 10
66 14
67 11
68 9
69 13
70 10
71 8
72 11
73 15
74 11
75 12
76 8
77 14
78 9
79 12
80 10
81 15
82 14
83 12
84 11
85 11
86 9
87 13
88 12
89 10
90 11
91 10
92 10
93 13
94 13
95 9
96 13
97 11
98 9
99 16
100 11
101 11
102 10
103 9
104 15
105 9
106 10
107 12
108 11
109 8
110 13
111 12
112 11
113 14
114 8
115 11
116 14
117 12
118 12
119 13
120 12
121 11
122 13
123 12
124 7
125 11
126 13
127 13
128 8
129 10
130 7
131 9
132 9
133 8
134 12
135 14
136 11
137 10
138 10
139 10
140 13
141 14
142 18
143 12
144 10
145 15
146 10
147 10
148 8
149 11
150 11
151 13
152 12
153 13
154 10
155 13
156 15
157 11
158 7
159 7
160 14
161 7
162 13
163 13
164 12
165 15
166 15
167 10
168 12
169 11
170 14
171 15
172 11
173 8
174 6
175 12
176 12
177 11
178 11
179 12
180 15
181 13
182 9
183 16
184 10
185 13
186 9
187 12
188 13
189 8
190 12
191 10
192 11
193 6
194 9
195 9
196 11
197 14
198 9
199 11
200 10
201 13
202 9
203 8
204 12
205 10
206 14
207 16
208 12
209 10
210 11
211 15
212 10
213 11
214 12
215 11
216 7
217 12
218 12
219 13
220 10
221 10
222 10
223 6
224 11
225 10
226 11
227 11
228 9
229 12
230 6
231 8
232 9
233 10
234 12
235 9
236 9
237 12
238 11
239 10
240 13
241 12
242 10
243 12
244 8
245 10
246 14
247 11
248 14
249 8
250 10
251 14
252 9
253 7
254 13
255 13
256 13
257 14
258 8
259 9
260 12
261 12
262 9
263 13
264 11
265 12
266 11
267 12
268 16
269 9
270 6
271 16
272 6
273 14
274 17
275 8
276 10
277 11
278 14
279 12
280 11
281 10
282 9
283 14
284 13
285 8
286 10
287 12
288 13
289 18
290 14
291 10
292 11
293 9
294 13
295 8
296 12
297 10
298 11
299 10
300 12
301 10
302 17
303 13
304 12
305 9
306 10
307 14
308 8
309 11
310 10
311 8
312 14
313 11
314 11
315 9
316 11
317 12
318 9
319 12
320 7
321 9
322 14
323 12
324 6
325 11
326 11
327 11
328 12
329 14
330 9
331 10
332 11
333 8
334 14
335 9
336 11
337 9
338 14
339 11
340 12
341 16
342 9
343 11
344 15
345 11
346 11
347 13
348 8
349 9
350 9
351 11
352 9
353 9
354 10
355 12
356 11
357 11
358 11
359 13
360 14
361 7
362 12
363 9
364 12
365 9
366 9
367 10
368 12
369 10
370 13
371 10
372 10
373 15
374 13
375 9
376 11
377 11
378 12
379 11
380 10
381 9
382 9
383 13
384 7
385 12
386 13
387 14
388 10
389 8
390 12
391 13
392 10
393 10
394 9
395 10
396 9
397 12
398 13
399 9
400 10
401 10
402 12
403 10
404 6
405 13
406 8
407 13
408 10
409 11
410 8
411 13
412 12
413 11
414 12
415 8
416 12
417 13
418 6
419 8
420 8
421 14
422 10
423 15
424 11
425 7
426 11
427 10
428 14
429 11
430 9
431 16
432 12
433 12
434 15
435 11
436 12
437 9
438 10
439 17
440 9
441 6
442 13
443 10
444 12
445 7
446 13
447 8
448 10
449 12
450 12
451 9
452 16
453 10
454 12
455 11
456 16
457 10
458 15
459 12
460 11
461 10
462 6
463 13
464 13
465 11
466 14
467 12
468 11
469 8
470 14
471 15
472 12
473 15
474 9
475 12
476 11
477 9
478 12
479 12
480 12
481 11
482 13
483 13
484 10
485 11
486 8
487 10
488 9
489 10
490 14
491 10
492 11
493 11
494 11
495 10
496 10
497 10
498 6
499 9
500 13
501 12
502 12
503 8
504 11
505 9
506 11
507 12
508 14
509 12
510 12
511 11
512 9
513 10
514 10
515 15
516 12
517 10
518 13
519 10
520 7
521 10
522 13
523 12
524 13
525 14
526 9
527 10
528 11
529 13
530 8
531 10
532 12
533 11
534 13
535 9
536 11
537 11
538 11
539 10
540 7
541 8
542 10
543 11
544 13
545 12
546 10
547 11
548 12
549 11
550 10
551 9
552 14
553 10
554 9
555 12
556 12
557 13
558 9
559 13
560 7
561 12
562 13
563 12
564 11
565 10
566 9
567 10
568 8
569 15
570 12
571 14
572 12
573 8
574 13
575 12
576 10
577 12
578 9
579 11
580 12
581 13
582 10
583 11
584 12
585 9
586 15
587 11
588 12
589 10
590 9
591 10
592 10
593 11
594 11
595 11
596 8
597 10
598 12
599 10
600 10
601 12
602 10
603 9
604 13
605 11
606 12
607 10
608 11
609 10
610 8
611 10
612 10
613 9
614 12
615 11
616 10
617 11
618 8
619 7
620 10
621 11
622 13
623 12
624 7
625 12
626 11
627 11
628 14
629 8
630 12
631 11
632 10
633 10
634 13
635 14
636 13
637 13
638 10
639 12
640 13
641 13
642 12
643 11
644 15
645 13
646 11
647 9
648 11
649 12
650 11
651 12
652 12
653 12
654 7
655 7
656 11
657 14
658 9
659 12
660 12
661 13
662 12
663 14
664 9
665 9
666 8
667 13
668 17
669 10
670 8
671 10
672 10
673 9
674 14
675 10
676 11
677 11
678 12
679 7
680 12
681 8
682 9
683 8
684 15
685 7
686 10
687 11
688 11
689 12
690 12
691 6
692 10
693 10
694 11
695 8
696 11
697 10
698 12
699 7
700 12
701 8
702 11
703 10
704 9
705 11
706 11
707 10
708 9
709 10
710 9
711 9
712 11
713 12
714 9
715 16
716 10
717 13
718 14
719 12
720 15
721 11
722 11
723 8
724 9
725 10
726 12
727 12
728 7
729 9
730 10
731 9
732 12
733 8
734 12
735 14
736 9
737 11
738 9
739 12
740 13
741 11
742 10
743 13
744 12
745 9
746 12
747 10
748 14
749 14
750 15
751 11
752 11
753 9
754 11
755 11
756 10
757 8
758 14
759 7
760 9
761 11
762 14
763 12
764 12
765 15
766 13
767 11
768 9
769 12
770 15
771 10
772 16
773 14
774 7
775 8
776 14
777 14
778 13
779 8
780 14
781 11
782 10
783 9
784 9
785 8
786 12
787 13
788 13
789 10
790 8
791 15
792 14
793 12
794 12
795 10
796 12
797 13
798 10
799 15
800 10
801 11
802 9
803 10
804 12
805 8
806 12
807 13
808 9
809 12
810 8
811 11
812 11
813 12
814 10
815 11
816 13
817 15
818 9
819 11
820 9
821 11
822 12
823 7
824 13
825 13
826 8
827 12
828 12
829 13
830 11
831 10
832 15
833 16
834 13
835 14
836 9
837 11
838 14
839 13
840 16
841 16
842 10
843 13
844 8
845 14
846 12
847 11
848 14
849 14
850 11
851 17
852 12
853 10
854 12
855 12
856 20
857 10
858 11
859 11
860 13
861 15
862 11
863 15
864 13
865 11
866 12
867 10
868 11
869 12
870 10
871 11
872 12
873 10
874 11
875 9
876 12
877 13
878 11
879 11
880 13
881 12
882 11
883 12
884 12
885 13
886 9
887 9
888 11
889 9
890 8
891 15
892 10
893 12
894 10
895 13
896 12
897 12
898 8
899 13
900 12
901 12
902 8
903 9
904 14
905 12
906 9
907 8
908 10
909 9
910 11
911 10
912 9
913 14
914 9
915 8
916 11
917 11
918 10
919 16
920 11
921 8
922 12
923 11
924 11
925 10
926 8
927 12
928 13
929 10
930 9
931 13
932 12
933 15
934 12
935 11
936 7
937 12
938 13
939 13
940 12
941 9
942 11
943 9
944 11
945 12
946 12
947 12
948 8
949 14
950 14
951 11
952 9
953 7
954 10
955 8
956 14
957 15
958 11
959 8
960 10
961 9
962 8
963 11
964 11
965 12
966 13
967 13
968 14
969 10
970 11
971 9
972 8
973 12
974 11
975 14
976 11
977 7
978 10
979 9
980 14
981 13
982 12
983 11
984 7
985 10
986 12
987 12
988 8
989 13
990 9
991 12
992 7
993 9
994 11
995 7
996 12
997 12
998 11
999 15
1000 17
1001 9
1002 12
1003 12
1004 13
1005 9
1006 11
1007 8
1008 11
1009 10
1010 10
1011 11
1012 11
1013 9
1014 8
1015 7
1016 13
1017 10
1018 9
1019 9
1020 12
1021 12
1022 11
1023 13
1024 13
1025 8
1026 14
1027 13
1028 12
1029 11
1030 12
1031 12
1032 14
1033 11
1034 10
1035 8
1036 13
1037 11
1038 10
1039 12
1040 13
1041 14
1042 13
1043 9
1044 10
1045 10
1046 10
1047 8
1048 10
1049 12
1050 10
1051 13
1052 12
1053 10
1054 8
1055 8
1056 11
1057 10
1058 10
1059 11
1060 11
1061 11
1062 14
1063 12
1064 14
1065 11
1066 11
1067 10
1068 10
1069 9
1070 8
1071 13
1072 10
1073 8
1074 10
1075 13
1076 15
1077 10
1078 12
1079 10
1080 13
1081 11
1082 15
1083 11
1084 9
1085 12
1086 12
1087 12
1088 10
1089 4
1090 11
1091 11
1092 11
1093 11
1094 8
1095 17
1096 12
1097 12
1098 8
1099 12
1100 12
1101 12
1102 7
1103 10
1104 14
1105 8
1106 11
1107 14
1108 14
1109 9
1110 11
1111 9
1112 12
1113 11
1114 8
1115 11
1116 13
1117 9
1118 10
1119 12
1120 10
1121 10
1122 11
1123 9
1124 11
1125 14
1126 8
1127 12
1128 13
1129 11
1130 12
1131 9
1132 11
1133 11
1134 7
1135 12
1136 14
1137 11
1138 8
1139 9
1140 10
1141 11
1142 11
1143 12
1144 12
1145 10
1146 15
1147 15
1148 18
1149 13
1150 10
1151 14
1152 13
1153 8
1154 10
1155 12
1156 8
1157 13
1158 13
1159 10
1160 11
1161 7
1162 12
1163 12
1164 11
1165 10
1166 13
1167 12
1168 13
1169 8
1170 11
1171 9
1172 9
1173 10
1174 11
1175 10
1176 8
1177 13
1178 11
1179 11
1180 10
1181 9
1182 10
1183 14
1184 12
1185 9
1186 9
1187 10
1188 10
1189 6
1190 13
1191 14
1192 8
1193 14
1194 9
1195 13
1196 8
1197 11
1198 12
1199 13
1200 7
1201 12
1202 11
1203 13
1204 16
1205 9
1206 6
1207 13
1208 10
1209 11
1210 12
1211 14
1212 8
1213 10
1214 16
1215 10
1216 10
1217 14
1218 14
1219 12
1220 9
1221 9
1222 11
1223 12
1224 13
1225 7
1226 9
1227 13
1228 10
1229 14
1230 13
1231 10
1232 11
1233 12
1234 8
1235 9
1236 14
1237 11
1238 10
1239 11
1240 13
1241 9
1242 8
1243 14
1244 14
1245 8
1246 9
1247 13
1248 11
1249 12
1250 11
1251 10
1252 13
1253 12
1254 10
1255 10
1256 12
1257 14
1258 10
1259 14
1260 9
1261 13
1262 8
1263 10
1264 10
1265 6
1266 12
1267 14
1268 12
1269 10
1270 9
1271 9
1272 12
1273 11
1274 15
1275 13
1276 8
1277 12
1278 14
1279 8
1280 12
1281 9
1282 9
1283 10
1284 11
1285 8
1286 12
1287 16
1288 8
1289 11
1290 11
1291 12
1292 12
1293 10
1294 11
1295 10
1296 11
1297 10
1298 15
1299 12
1300 12
1301 11
1302 10
1303 13
1304 11
1305 10
1306 15
1307 11
1308 9
1309 8
1310 14
1311 10
1312 9
1313 10
1314 12
1315 10
1316 9
1317 10
1318 10
1319 13
1320 11
1321 7
1322 7
1323 18
1324 7
1325 12
1326 10
1327 13
1328 12
1329 10
1330 10
1331 9
1332 9
1333 9
1334 9
1335 12
1336 12
1337 9
1338 11
1339 14
1340 9
1341 10
1342 7
1343 14
1344 14
1345 11
1346 6
1347 13
1348 7
1349 11
1350 13
1351 10
1352 9
1353 14
1354 13
1355 11
1356 11
1357 11
1358 7
1359 11
1360 10
1361 12
1362 12
1363 10
1364 13
1365 10
1366 11
1367 9
1368 14
1369 9
1370 9
1371 17
1372 14
1373 13
1374 10
1375 13
1376 10
1377 9
1378 13
1379 12
1380 14
1381 13
1382 11
1383 11
1384 13
1385 15
1386 11
1387 12
1388 10
1389 15
1390 11
1391 11
1392 13
1393 17
1394 11
1395 10
1396 11
1397 10
1398 10
1399 11
1400 10
1401 13
1402 10
1403 11
1404 10
1405 7
1406 13
1407 9
1408 13
1409 12
1410 11
1411 9
1412 15
1413 8
1414 12
1415 10
1416 11
1417 11
1418 11
1419 9
1420 13
1421 8
1422 8
1423 10
1424 10
1425 9
1426 7
1427 13
1428 14
1429 11
1430 10
1431 12
1432 10
1433 17
1434 10
1435 12
1436 13
1437 11
1438 15
1439 10
1440 14
1441 12
1442 12
1443 8
1444 10
1445 15
1446 10
1447 11
1448 12
1449 11
1450 10
1451 8
1452 13
1453 11
1454 9
1455 11
1456 9
1457 14
1458 10
1459 10
1460 8
1461 10
1462 12
1463 15
1464 9
1465 12
1466 13
1467 8
1468 17
1469 8
1470 12
1471 13
1472 10
1473 11
1474 12
1475 13
1476 13
1477 6
1478 11
1479 11
1480 14
1481 12
1482 11
1483 13
1484 14
1485 12
1486 10
1487 12
1488 9
1489 13
1490 12
1491 11
1492 12
1493 10
1494 10
1495 10
1496 7
1497 12
1498 10
1499 9
1500 11
1501 12
1502 14
1503 10
1504 8
1505 16
1506 11
1507 9
1508 11
1509 14
1510 13
1511 12
1512 8
1513 10
1514 12
1515 9
1516 12
1517 14
1518 11
1519 13
1520 13
1521 11
1522 15
1523 10
1524 10
1525 8
1526 13
1527 11
1528 11
1529 7
1530 14
1531 10
1532 12
1533 11
1534 16
1535 9
1536 11
1537 12
1538 11
1539 10
1540 10
1541 12
1542 11
1543 11
1544 13
1545 14
1546 12
1547 11
1548 9
1549 9
1550 14
1551 9
1552 10
1553 11
1554 10
1555 10
1556 10
1557 10
1558 11
1559 11
1560 8
1561 12
1562 13
1563 11
1564 11
1565 13
1566 11
1567 14
1568 8
1569 12
1570 10
1571 12
1572 11
1573 16
1574 9
1575 10
1576 12
1577 10
1578 12
1579 9
1580 14
1581 13
1582 11
1583 11
1584 12
1585 10
1586 12
1587 10
1588 13
1589 12
1590 9
1591 13
1592 12
1593 12
1594 10
1595 10
1596 10
1597 10
1598 10
1599 14
1600 9
1601 11
1602 10
1603 9
1604 8
1605 16
1606 13
1607 12
1608 9
1609 11
1610 13
1611 14
1612 11
1613 10
1614 9
1615 10
1616 12
1617 11
1618 14
1619 12
1620 9
1621 10
1622 8
1623 15
1624 10
1625 14
1626 13
1627 8
1628 11
1629 10
1630 10
1631 12
1632 11
1633 7
1634 13
1635 11
1636 12
1637 14
1638 14
1639 12
1640 11
1641 8
1642 10
1643 11
1644 10
1645 7
1646 14
1647 13
1648 13
1649 12
1650 10
1651 9
1652 8
1653 11
1654 10
1655 13
1656 10
1657 13
1658 10
1659 9
1660 12
1661 9
1662 12
1663 11
1664 11
1665 13
1666 8
1667 12
1668 10
1669 10
1670 9
1671 13
1672 13
1673 13
1674 12
1675 11
1676 7
1677 13
1678 13
1679 11
1680 10
1681 12
1682 16
1683 13
1684 12
1685 8
1686 7
1687 15
1688 11
1689 10
1690 10
1691 13
1692 10
1693 12
1694 7
1695 14
1696 11
1697 13
1698 12
1699 14
1700 10
1701 11
1702 12
1703 11
1704 13
1705 12
1706 11
1707 11
1708 10
1709 11
1710 9
1711 10
1712 15
1713 8
1714 12
1715 10
1716 10
1717 10
1718 11
1719 9
1720 12
1721 11
1722 8
1723 12
1724 11
1725 7
1726 9
1727 11
1728 13
1729 13
1730 9
1731 13
1732 6
1733 11
1734 10
1735 8
1736 13
1737 8
1738 15
1739 11
1740 13
1741 11
1742 9
1743 11
1744 12
1745 14
1746 12
1747 14
1748 10
1749 9
1750 11
1751 12
1752 12
1753 10
1754 12
1755 13
1756 8
1757 11
1758 15
1759 12
1760 10
1761 10
1762 11
1763 13
1764 12
1765 8
1766 10
1767 11
1768 10
1769 14
1770 10
1771 13
1772 11
1773 10
1774 9
1775 9
1776 13
1777 11
1778 12
1779 9
1780 14
1781 11
1782 12
1783 13
1784 9
1785 11
1786 10
1787 8
1788 11
1789 11
1790 13
1791 15
1792 9
1793 13
1794 9
1795 11
1796 13
1797 15
1798 9
1799 11
1800 12
1801 13
1802 15
1803 12
1804 12
1805 10
1806 12
1807 12
1808 13
1809 12
1810 17
1811 7
1812 13
1813 11
1814 10
1815 9
1816 8
1817 11
1818 7
1819 8
1820 9
1821 10
1822 11
1823 11
1824 13
1825 15
1826 12
1827 14
1828 17
1829 10
1830 11
1831 8
1832 8
1833 6
1834 10
1835 13
1836 10
1837 16
1838 11
1839 10
1840 8
1841 13
1842 11
1843 10
1844 17
1845 13
1846 12
1847 10
1848 9
1849 8
1850 14
1851 12
1852 11
1853 10
1854 9
1855 9
1856 14
1857 10
1858 14
1859 14
1860 11
1861 8
1862 11
1863 11
1864 12
1865 16
1866 15
1867 9
1868 11
1869 11
1870 11
1871 13
1872 6
1873 10
1874 10
1875 9
1876 9
1877 16
1878 13
1879 13
1880 14
1881 8
1882 12
1883 8
1884 9
1885 13
1886 8
1887 15
1888 10
1889 15
1890 11
1891 12
1892 11
1893 9
1894 11
1895 13
1896 12
1897 14
1898 12
1899 12
1900 12
1901 10
1902 14
1903 10
1904 7
1905 12
1906 10
1907 10
1908 8
1909 10
1910 12
1911 13
1912 9
1913 10
1914 5
1915 13
1916 12
1917 12
1918 8
1919 13
1920 9
1921 11
1922 13
1923 9
1924 13
1925 11
1926 11
1927 12
1928 11
1929 10
1930 13
1931 15
1932 8
1933 10
1934 14
1935 11
1936 14
1937 12
1938 11
1939 8
1940 13
1941 6
1942 10
1943 12
1944 13
1945 16
1946 12
1947 10
1948 14
1949 12
1950 11
1951 8
1952 14
1953 9
1954 9
1955 9
1956 10
1957 11
1958 10
1959 9
1960 14
1961 12
1962 8
1963 18
1964 11
1965 9
1966 13
1967 11
1968 9
1969 10
1970 11
1971 7
1972 12
1973 13
1974 7
1975 9
1976 10
1977 10
1978 12
1979 9
1980 11
1981 10
1982 13
1983 13
1984 12
1985 12
1986 12
1987 13
1988 10
1989 10
1990 13
1991 14
1992 13
1993 9
1994 14
1995 10
1996 10
1997 10
1998 10
1999 13
2000 14
2001 10
2002 10
2003 13
2004 13
2005 13
2006 11
2007 13
2008 9
2009 11
2010 9
2011 10
2012 12
2013 14
2014 12
2015 12
2016 14
2017 9
2018 8
2019 12
2020 14
2021 14
2022 12
2023 11
2024 13
2025 8
2026 15
2027 9
2028 8
2029 11
2030 15
2031 12
2032 11
2033 14
2034 8
2035 11
2036 12
2037 11
2038 12
2039 10
2040 10
2041 7
2042 7
2043 10
2044 14
2045 7
2046 10
2047 6
2048 11
2049 10
2050 12
2051 11
2052 11
2053 12
2054 11
2055 8
2056 8
2057 10
2058 12
2059 12
2060 6
2061 12
2062 10
2063 12
2064 7
2065 9
2066 11
2067 8
2068 15
2069 12
2070 13
2071 12
2072 8
2073 8
2074 12
2075 10
2076 9
2077 11
2078 13
2079 8
2080 12
2081 11
2082 13
2083 12
2084 12
2085 15
2086 13
2087 13
2088 11
2089 15
2090 12
2091 9
2092 10
2093 11
2094 8
2095 8
2096 10
2097 12
2098 10
2099 10
2100 8
2101 12
2102 15
2103 11
2104 10
2105 12
2106 10
2107 14
2108 9
2109 16
2110 11
2111 12
2112 8
2113 10
2114 13
2115 11
2116 11
2117 8
2118 11
2119 14
2120 10
2121 11
2122 13
2123 9
2124 12
2125 12
2126 11
2127 11
2128 10
2129 12
2130 10
2131 13
2132 11
2133 14
2134 10
2135 12
2136 10
2137 11
2138 13
2139 12
2140 14
2141 14
2142 13
2143 10
2144 13
2145 15
2146 12
2147 15
2148 12
2149 12
2150 10
2151 8
2152 9
2153 13
2154 10
2155 10
2156 11
2157 10
2158 12
2159 11
2160 10
2161 9
2162 12
2163 11
2164 10
2165 9
2166 12
2167 15
2168 12
2169 10
2170 9
2171 9
2172 10
2173 15
2174 9
2175 11
2176 7
2177 10
2178 7
2179 10
2180 9
2181 12
2182 12
2183 8
2184 11
2185 9
2186 14
2187 11
2188 12
2189 10
2190 9
2191 12
2192 8
2193 12
2194 14
2195 10
2196 9
2197 11
2198 6
2199 13
2200 11
2201 14
2202 10
2203 10
2204 10
2205 10
2206 10
2207 10
2208 9
2209 9
2210 11
2211 8
2212 12
2213 10
2214 12
2215 10
2216 10
2217 9
2218 13
2219 13
2220 12
2221 10
2222 11
2223 9
2224 8
2225 16
2226 12
2227 11
2228 10
2229 11
2230 11
2231 14
2232 11
2233 10
2234 10
2235 12
2236 13
2237 15
2238 10
2239 11
2240 12
2241 9
2242 11
2243 10
2244 11
2245 10
2246 9
2247 11
2248 10
2249 8
2250 13
2251 13
2252 8
2253 13
2254 9
2255 11
2256 14
2257 12
2258 10
2259 9
2260 12
2261 12
2262 11
2263 8
2264 10
2265 10
2266 9
2267 11
2268 13
2269 10
2270 10
2271 8
2272 12
2273 11
2274 11
2275 12
2276 11
2277 13
2278 12
2279 10
2280 9
2281 6
2282 10
2283 8
2284 12
2285 11
2286 6
2287 11
2288 13
2289 8
2290 8
2291 6
2292 13
2293 13
2294 8
2295 13
2296 11
2297 12
2298 10
2299 13
2300 7
2301 11
2302 10
2303 12
2304 8
2305 10
2306 9
2307 9
2308 12
2309 10
2310 11
2311 10
2312 8
2313 9
2314 12
2315 14
2316 15
2317 6
2318 10
2319 14
2320 12
2321 13
2322 9
2323 12
2324 9
2325 6
2326 14
2327 11
2328 10
2329 13
2330 12
2331 11
2332 11
2333 16
2334 11
2335 9
2336 9
2337 10
2338 12
2339 9
2340 10
2341 13
2342 13
2343 13
2344 12
2345 12
2346 8
2347 10
2348 12
2349 8
2350 11
2351 14
2352 11
2353 10
2354 8
2355 12
2356 14
2357 9
2358 12
2359 12
2360 9
2361 13
2362 7
2363 12
2364 9
2365 11
2366 9
2367 12
2368 11
2369 11
2370 10
2371 9
2372 10
2373 14
2374 12
2375 10
2376 11
2377 13
2378 14
2379 12
2380 11
2381 9
2382 11
2383 7
2384 12
2385 11
2386 13
2387 12
2388 13
2389 12
2390 10
2391 11
2392 9
2393 8
2394 11
2395 12
2396 11
2397 8
2398 10
2399 13
2400 8
2401 10
2402 13
2403 12
2404 11
2405 12
2406 13
2407 11
2408 10
2409 9
2410 10
2411 10
2412 10
2413 9
2414 10
2415 6
2416 11
2417 9
2418 13
2419 14
2420 10
2421 12
2422 12
2423 10
2424 13
2425 17
2426 10
2427 11
2428 7
2429 9
2430 10
2431 12
2432 9
2433 6
2434 12
2435 7
2436 14
2437 8
2438 14
2439 9
2440 10
2441 11
2442 12
2443 13
2444 12
2445 12
2446 9
2447 9
2448 13
2449 12
2450 12
2451 14
2452 10
2453 11
2454 15
2455 12
2456 10
2457 11
2458 12
2459 5
2460 14
2461 12
2462 8
2463 15
2464 12
2465 8
2466 11
2467 13
2468 14
2469 9
2470 12
2471 12
2472 11
2473 12
2474 9
2475 11
2476 12
2477 13
2478 9
2479 7
2480 11
2481 10
2482 11
2483 11
2484 11
2485 14
2486 12
2487 13
2488 10
2489 14
2490 15
2491 12
2492 10
2493 9
2494 15
2495 12
2496 12
2497 8
2498 10
2499 12
2500 14
2501 11
2502 7
2503 10
2504 10
2505 10
2506 7
2507 9
2508 12
2509 10
2510 10
2511 7
2512 14
2513 12
2514 9
2515 12
2516 12
2517 11
2518 10
2519 6
2520 10
2521 8
2522 10
2523 10
2524 8
2525 14
2526 12
2527 11
2528 9
2529 13
2530 11
2531 10
2532 12
2533 10
2534 15
2535 8
2536 8
2537 10
2538 10
2539 11
2540 7
2541 11
2542 10
2543 7
2544 13
2545 13
2546 14
2547 11
2548 13
2549 8
2550 6
2551 13
2552 11
2553 11
2554 10
2555 11
2556 11
2557 11
2558 9
2559 9
2560 12
2561 11
2562 12
2563 12
2564 13
2565 16
2566 10
2567 11
2568 9
2569 10
2570 9
2571 14
2572 11
2573 11
2574 14
2575 12
2576 14
2577 8
2578 10
2579 10
2580 8
2581 8
2582 12
2583 11
2584 11
2585 14
2586 10
2587 16
2588 8
2589 8
2590 11
2591 15
2592 12
2593 9
2594 11
2595 13
2596 10
2597 10
2598 8
2599 10
2600 11
2601 9
2602 13
2603 10
2604 13
2605 12
2606 10
2607 6
2608 12
2609 10
2610 10
2611 9
2612 15
2613 11
2614 12
2615 13
2616 7
2617 8
2618 12
2619 7
2620 10
2621 12
2622 10
2623 13
2624 13
2625 12
2626 12
2627 11
2628 10
2629 8
2630 10
2631 11
2632 9
2633 8
2634 11
2635 9
2636 12
2637 9
2638 9
2639 12
2640 13
2641 9
2642 10
2643 9
2644 15
2645 11
2646 16
2647 11
2648 13
2649 7
2650 14
2651 13
2652 10
2653 15
2654 11
2655 11
2656 9
2657 12
2658 12
2659 10
2660 13
2661 8
2662 12
2663 12
2664 6
2665 11
2666 9
2667 12
2668 12
2669 13
2670 10
2671 8
2672 10
2673 8
2674 9
2675 14
2676 15
2677 11
2678 11
2679 8
2680 9
2681 12
2682 14
2683 16
2684 12
2685 13
2686 7
2687 12
2688 10
2689 10
2690 8
2691 8
2692 14
2693 9
2694 9
2695 13
2696 9
2697 10
2698 13
2699 14
2700 14
2701 8
2702 11
2703 14
2704 11
2705 11
2706 7
2707 9
2708 13
2709 14
2710 15
2711 11
2712 12
2713 15
2714 12
2715 13
2716 12
2717 13
2718 13
2719 12
2720 11
2721 10
2722 11
2723 11
2724 8
2725 11
2726 11
2727 11
2728 11
2729 11
2730 11
2731 12
2732 9
2733 16
2734 11
2735 14
2736 10
2737 9
2738 12
2739 10
2740 13
2741 12
2742 14
2743 7
2744 10
2745 17
2746 11
2747 13
2748 11
2749 13
2750 12
2751 12
2752 10
2753 11
2754 14
2755 10
2756 10
2757 12
2758 11
2759 16
2760 9
2761 13
2762 10
2763 14
2764 14
2765 14
2766 9
2767 9
2768 11
2769 9
2770 9
2771 11
2772 11
2773 10
2774 9
2775 14
2776 11
2777 9
2778 10
2779 10
2780 15
2781 9
2782 12
2783 9
2784 10
2785 10
2786 15
2787 11
2788 10
2789 13
2790 10
2791 10
2792 7
2793 11
2794 12
2795 10
2796 12
2797 10
2798 14
2799 12
2800 12
2801 12
2802 10
2803 12
2804 13
2805 12
2806 12
2807 13
2808 11
2809 12
2810 10
2811 12
2812 13
2813 14
2814 9
2815 15
2816 15
2817 10
2818 8
2819 14
2820 11
2821 10
2822 13
2823 8
2824 11
2825 12
2826 10
2827 12
2828 9
2829 10
2830 13
2831 12
2832 9
2833 12
2834 13
2835 10
2836 10
2837 15
2838 10
2839 11
2840 14
2841 8
2842 10
2843 10
2844 17
2845 12
2846 10
2847 14
2848 10
2849 10
2850 13
2851 12
2852 14
2853 13
2854 13
2855 7
2856 7
2857 10
2858 10
2859 13
2860 13
2861 8
2862 10
2863 11
2864 17
2865 10
2866 11
2867 10
2868 14
2869 8
2870 15
2871 8
2872 15
2873 13
2874 11
2875 10
2876 9
2877 11
2878 13
2879 12
2880 11
2881 11
2882 12
2883 13
2884 10
2885 14
2886 12
2887 11
2888 12
2889 12
2890 11
2891 10
2892 8
2893 17
2894 9
2895 14
2896 13
2897 13
2898 10
2899 11
2900 12
2901 12
2902 10
2903 10
2904 11
2905 8
2906 9
2907 12
2908 10
2909 17
2910 15
2911 14
2912 10
2913 13
2914 11
2915 9
2916 11
2917 12
2918 11
2919 9
2920 12
2921 13
2922 13
2923 9
2924 14
2925 13
2926 10
2927 12
2928 12
2929 11
2930 13
2931 12
2932 8
2933 7
2934 17
2935 11
2936 11
2937 11
2938 10
2939 12
2940 9
2941 10
2942 12
2943 12
2944 10
2945 11
2946 9
2947 4
2948 12
2949 9
2950 12
2951 9
2952 13
2953 9
2954 13
2955 9
2956 10
2957 14
2958 10
2959 15
2960 10
2961 15
2962 14
2963 10
2964 14
2965 11
2966 12
2967 7
2968 11
2969 13
2970 11
2971 13
2972 10
2973 10
2974 12
2975 11
2976 12
2977 14
2978 12
2979 12
2980 12
2981 10
2982 6
2983 11
2984 15
2985 6
2986 12
2987 11
2988 10
2989 8
2990 10
2991 9
2992 13
2993 12
2994 8
2995 8
2996 10
2997 7
2998 9
2999 12
3000 8
3001 11
3002 11
3003 14
3004 11
3005 9
3006 12
3007 12
3008 7
3009 12
3010 11
3011 10
3012 10
3013 10
3014 11
3015 17
3016 9
3017 11
3018 12
3019 13
3020 14
3021 12
3022 9
3023 12
3024 9
3025 8
3026 13
3027 8
3028 12
3029 14
3030 11
3031 10
3032 8
3033 12
3034 9
3035 9
3036 7
3037 13
3038 7
3039 10
3040 10
3041 9
3042 11
3043 11
3044 10
3045 11
3046 13
3047 7
3048 11
3049 12
3050 9
3051 8
3052 15
3053 10
3054 12
3055 10
3056 12
3057 8
3058 15
3059 8
3060 12
3061 14
3062 12
3063 12
3064 11
3065 10
3066 13
3067 12
3068 9
3069 11
3070 15
3071 8
3072 11
3073 9
3074 8
3075 13
3076 9
3077 12
3078 16
3079 13
3080 15
3081 11
3082 13
3083 8
3084 11
3085 9
3086 11
3087 9
3088 12
3089 11
3090 9
3091 12
3092 11
3093 8
3094 12
3095 15
3096 10
3097 9
3098 9
3099 9
3100 14
3101 10
3102 10
3103 9
3104 9
3105 15
3106 11
3107 13
3108 14
3109 8
3110 8
3111 11
3112 10
3113 9
3114 8
3115 12
3116 9
3117 7
3118 11
3119 11
3120 9
3121 9
3122 11
3123 15
3124 11
3125 11
3126 12
3127 7
3128 10
3129 6
3130 12
3131 11
3132 9
3133 16
3134 13
3135 15
3136 11
3137 14
3138 6
3139 9
3140 16
3141 11
3142 12
3143 12
3144 11
3145 8
3146 8
3147 10
3148 13
3149 12
3150 15
3151 15
3152 10
3153 14
3154 9
3155 9
3156 9
3157 13
3158 12
3159 13
3160 13
3161 9
3162 9
3163 13
3164 14
3165 14
3166 11
3167 9
3168 10
3169 9
3170 8
3171 9
3172 5
3173 9
3174 12
3175 14
3176 11
3177 12
3178 14
3179 10
3180 8
3181 10
3182 13
3183 11
3184 12
3185 12
3186 12
3187 12
3188 12
3189 10
3190 13
3191 14
3192 10
3193 12
3194 11
3195 11
3196 13
3197 12
3198 12
3199 10
3200 4
3201 10
3202 10
3203 11
3204 8
3205 10
3206 11
3207 9
3208 13
3209 14
3210 11
3211 13
3212 15
3213 11
3214 13
3215 13
3216 14
3217 11
3218 12
3219 13
3220 8
3221 6
3222 11
3223 10
3224 11
3225 7
3226 14
3227 11
3228 9
3229 8
3230 11
3231 9
3232 9
3233 10
3234 11
3235 14
3236 12
3237 13
3238 14
3239 11
3240 12
3241 11
3242 8
3243 10
3244 10
3245 12
3246 15
3247 10
3248 9
3249 10
3250 16
3251 11
3252 13
3253 9
3254 9
3255 13
3256 14
3257 13
3258 9
3259 9
3260 8
3261 14
3262 16
3263 8
3264 10
3265 11
3266 7
3267 12
3268 11
3269 14
3270 11
3271 14
3272 13
3273 12
3274 9
3275 9
3276 9
3277 12
3278 10
3279 13
3280 8
3281 9
3282 10
3283 11
3284 9
3285 11
3286 11
3287 12
3288 13
3289 5
3290 10
3291 14
3292 7
3293 9
3294 12
3295 8
3296 12
3297 11
3298 9
3299 10
3300 13
3301 9
3302 11
3303 12
3304 9
3305 13
3306 8
3307 14
3308 13
3309 10
3310 12
3311 9
3312 13
3313 12
3314 12
3315 12
3316 12
3317 7
3318 10
3319 10
3320 13
3321 11
3322 13
3323 9
3324 12
3325 13
3326 7
3327 16
3328 13
3329 15
3330 7
3331 10
3332 10
3333 10
3334 12
3335 10
3336 12
3337 12
3338 9
3339 12
3340 9
3341 9
3342 13
3343 11
3344 9
3345 8
3346 8
3347 9
3348 12
3349 13
3350 10
3351 9
3352 7
3353 9
3354 14
3355 10
3356 10
3357 11
3358 11
3359 15
3360 13
3361 13
3362 14
3363 8
3364 12
3365 16
3366 10
3367 11
3368 9
3369 15
3370 10
3371 10
3372 10
3373 12
3374 10
3375 9
3376 7
3377 12
3378 11
3379 13
3380 12
3381 14
3382 10
3383 11
3384 13
3385 11
3386 10
3387 9
3388 11
3389 8
3390 12
3391 12
3392 10
3393 14
3394 10
3395 8
3396 12
3397 6
3398 9
3399 9
3400 7
3401 12
3402 13
3403 8
3404 15
3405 15
3406 15
3407 14
3408 12
3409 12
3410 11
3411 13
3412 8
3413 8
3414 11
3415 9
3416 10
3417 8
3418 10
3419 13
3420 13
3421 13
3422 9
3423 10
3424 10
3425 8
3426 12
3427 11
3428 10
3429 8
3430 19
3431 11
3432 10
3433 9
3434 12
3435 8
3436 16
3437 12
3438 10
3439 14
3440 8
3441 11
3442 12
3443 12
3444 9
3445 12
3446 10
3447 9
3448 6
3449 11
3450 9
3451 11
3452 9
3453 12
3454 11
3455 12
3456 10
3457 9
3458 11
3459 6
3460 9
3461 11
3462 9
3463 12
3464 9
3465 12
3466 12
3467 11
3468 13
3469 13
3470 7
3471 8
3472 10
3473 11
3474 12
3475 12
3476 9
3477 9
3478 13
3479 9
3480 15
3481 8
3482 8
3483 11
3484 9
3485 8
3486 14
3487 10
3488 11
3489 9
3490 9
3491 8
3492 14
3493 13
3494 9
3495 10
3496 10
3497 9
3498 9
3499 13
3500 16
3501 13
3502 13
3503 12
3504 14
3505 15
3506 15
3507 12
3508 13
3509 6
3510 9
3511 8
3512 14
3513 13
3514 14
3515 8
3516 8
3517 11
3518 11
3519 14
3520 12
3521 10
3522 9
3523 12
3524 9
3525 14
3526 11
3527 17
3528 11
3529 12
3530 9
3531 13
3532 11
3533 9
3534 12
3535 14
3536 7
3537 10
3538 12
3539 12
3540 10
3541 15
3542 10
3543 11
3544 13
3545 14
3546 14
3547 9
3548 12
3549 11
3550 11
3551 11
3552 13
3553 9
3554 10
3555 12
3556 15
3557 11
3558 10
3559 14
3560 10
3561 12
3562 11
3563 11
3564 11
3565 12
3566 11
3567 13
3568 12
3569 10
3570 10
3571 8
3572 11
3573 12
3574 9
3575 11
3576 14
3577 18
3578 12
3579 9
3580 12
3581 9
3582 10
3583 14
3584 13
3585 15
3586 10
3587 7
3588 12
3589 6
3590 11
3591 8
3592 9
3593 8
3594 12
3595 10
3596 8
3597 13
3598 9
3599 9
3600 9
3601 12
3602 13
3603 12
3604 10
3605 11
3606 12
3607 9
3608 9
3609 11
3610 10
3611 8
3612 9
3613 9
3614 14
3615 11
3616 15
3617 14
3618 10
3619 13
3620 13
3621 11
3622 11
3623 12
3624 10
3625 13
3626 13
3627 7
3628 13
3629 10
3630 10
3631 14
3632 8
3633 11
3634 10
3635 14
3636 9
3637 13
3638 11
3639 11
3640 10
3641 10
3642 9
3643 9
3644 13
3645 12
3646 12
3647 8
3648 9
3649 10
3650 15
3651 12
3652 6
3653 13
3654 9
3655 7
3656 12
3657 9
3658 8
3659 10
3660 10
3661 12
3662 11
3663 8
3664 16
3665 10
3666 10
3667 8
3668 8
3669 11
3670 9
3671 12
3672 10
3673 10
3674 13
3675 13
3676 13
3677 7
3678 12
3679 11
3680 9
3681 14
3682 10
3683 10
3684 8
3685 12
3686 12
3687 12
3688 12
3689 11
3690 9
3691 12
3692 14
3693 12
3694 10
3695 14
3696 10
3697 9
3698 8
3699 12
3700 11
3701 9
3702 11
3703 11
3704 10
3705 10
3706 13
3707 13
3708 10
3709 16
3710 8
3711 14
3712 8
3713 16
3714 10
3715 8
3716 12
3717 8
3718 7
3719 8
3720 11
3721 7
3722 10
3723 11
3724 12
3725 9
3726 15
3727 10
3728 10
3729 11
3730 14
3731 13
3732 8
3733 10
3734 13
3735 12
3736 12
3737 11
3738 10
3739 14
3740 13
3741 10
3742 11
3743 8
3744 10
3745 12
3746 14
3747 8
3748 13
3749 15
3750 11
3751 10
3752 12
3753 11
3754 10
3755 14
3756 11
3757 11
3758 11
3759 8
3760 14
3761 14
3762 12
3763 15
3764 9
3765 13
3766 12
3767 14
3768 9
3769 9
3770 9
3771 12
3772 13
3773 8
3774 11
3775 10
3776 14
3777 12
3778 11
3779 12
3780 8
3781 11
3782 11
3783 11
3784 10
3785 11
3786 14
3787 15
3788 11
3789 11
3790 11
3791 9
3792 10
3793 9
3794 12
3795 11
3796 14
3797 13
3798 10
3799 12
3800 12
3801 9
3802 11
3803 12
3804 11
3805 11
3806 12
3807 7
3808 14
3809 11
3810 14
3811 10
3812 11
3813 10
3814 13
3815 13
3816 11
3817 14
3818 11
3819 13
3820 14
3821 13
3822 7
3823 13
3824 7
3825 11
3826 17
3827 15
3828 15
3829 12
3830 10
3831 12
3832 13
3833 9
3834 16
3835 11
3836 10
3837 10
3838 12
3839 7
3840 11
3841 14
3842 8
3843 9
3844 10
3845 14
3846 15
3847 15
3848 7
3849 13
3850 8
3851 8
3852 5
3853 11
3854 9
3855 11
3856 16
3857 13
3858 13
3859 7
3860 9
3861 11
3862 12
3863 11
3864 11
3865 10
3866 9
3867 13
3868 15
3869 11
3870 13
3871 11
3872 11
3873 13
3874 14
3875 14
3876 13
3877 10
3878 10
3879 9
3880 10
3881 8
3882 10
3883 15
3884 8
3885 10
3886 13
3887 13
3888 10
3889 9
3890 10
3891 9
3892 9
3893 13
3894 10
3895 10
3896 8
3897 11
3898 9
3899 11
3900 11
3901 13
3902 10
3903 12
3904 12
3905 13
3906 13
3907 7
3908 12
3909 13
3910 9
3911 10
3912 11
3913 9
3914 13
3915 10
3916 9
3917 12
3918 8
3919 12
3920 9
3921 9
3922 11
3923 15
3924 11
3925 10
3926 10
3927 11
3928 14
3929 10
3930 9
3931 12
3932 11
3933 6
3934 12
3935 12
3936 10
3937 9
3938 11
3939 13
3940 10
3941 12
3942 8
3943 14
3944 9
3945 14
3946 10
3947 13
3948 11
3949 13
3950 12
3951 9
3952 12
3953 10
3954 13
3955 12
3956 13
3957 9
3958 16
3959 9
3960 12
3961 11
3962 12
3963 9
3964 12
3965 13
3966 10
3967 12
3968 6
3969 9
3970 11
3971 11
3972 12
3973 12
3974 11
3975 11
3976 11
3977 10
3978 9
3979 16
3980 14
3981 11
3982 11
3983 9
3984 12
3985 10
3986 12
3987 12
3988 11
3989 12
3990 15
3991 8
3992 13
3993 10
3994 10
3995 12
3996 13
3997 9
3998 10
3999 11
4000 9
4001 11
4002 11
4003 12
4004 9
4005 15
4006 9
4007 13
4008 9
4009 8
4010 11
4011 9
4012 9
4013 10
4014 12
4015 10
4016 11
4017 12
4018 13
4019 10
4020 11
4021 10
4022 9
4023 10
4024 10
4025 12
4026 9
4027 10
4028 11
4029 13
4030 10
4031 10
4032 11
4033 13
4034 9
4035 12
4036 10
4037 10
4038 10
4039 14
4040 11
4041 10
4042 12
4043 12
4044 12
4045 11
4046 10
4047 13
4048 11
4049 8
4050 12
4051 11
4052 11
4053 10
4054 6
4055 10
4056 10
4057 12
4058 10
4059 7
4060 13
4061 11
4062 11
4063 7
4064 15
4065 6
4066 12
4067 9
4068 12
4069 10
4070 11
4071 11
4072 11
4073 12
4074 11
4075 13
4076 10
4077 12
4078 9
4079 11
4080 10
4081 10
4082 11
4083 15
4084 11
4085 8
4086 6
4087 15
4088 8
4089 10
4090 10
4091 15
4092 10
4093 10
4094 11
4095 10
4096 11
4097 10
4098 10
4099 12
4100 9
4101 10
4102 15
4103 12
4104 11
4105 10
4106 13
4107 13
4108 10
4109 9
4110 10
4111 12
4112 9
4113 10
4114 10
4115 9
4116 10
4117 9
4118 10
4119 10
4120 12
4121 13
4122 13
4123 10
4124 10
4125 8
4126 12
4127 10
4128 11
4129 13
4130 8
4131 12
4132 10
4133 14
4134 9
4135 13
4136 13
4137 14
4138 10
4139 12
4140 13
4141 10
4142 10
4143 13
4144 11
4145 11
4146 14
4147 11
4148 10
4149 9
4150 10
4151 11
4152 13
4153 12
4154 11
4155 12
4156 9
4157 7
4158 13
4159 9
4160 14
4161 12
4162 11
4163 11
4164 13
4165 10
4166 11
4167 11
4168 10
4169 8
4170 15
4171 11
4172 11
4173 11
4174 9
4175 9
4176 11
4177 10
4178 8
4179 10
4180 9
4181 11
4182 10
4183 12
4184 6
4185 11
4186 11
4187 8
4188 14
4189 9
4190 12
4191 6
4192 13
4193 13
4194 8
4195 9
4196 11
4197 10
4198 6
4199 15
4200 11
4201 11
4202 9
4203 9
4204 10
4205 13
4206 11
4207 9
4208 7
4209 12
4210 8
4211 15
4212 10
4213 9
4214 13
4215 13
4216 9
4217 9
4218 15
4219 9
4220 9
4221 10
4222 6
4223 11
4224 11
4225 8
4226 9
4227 10
4228 13
4229 9
4230 8
4231 13
4232 8
4233 11
4234 11
4235 12
4236 9
4237 8
4238 12
4239 14
4240 14
4241 8
4242 11
4243 15
4244 11
4245 13
4246 13
4247 6
4248 13
4249 11
4250 9
4251 10
4252 12
4253 14
4254 10
4255 14
4256 10
4257 10
4258 9
4259 12
4260 17
4261 9
4262 11
4263 10
4264 11
4265 13
4266 12
4267 13
4268 10
4269 14
4270 10
4271 13
4272 9
4273 10
4274 9
4275 13
4276 13
4277 11
4278 8
4279 13
4280 13
4281 12
4282 12
4283 14
4284 11
4285 7
4286 7
4287 10
4288 15
4289 11
4290 9
4291 10
4292 9
4293 9
4294 12
4295 11
4296 7
4297 14
4298 12
4299 13
4300 10
4301 11
4302 11
4303 8
4304 15
4305 12
4306 9
4307 10
4308 13
4309 16
4310 11
4311 11
4312 10
4313 11
4314 11
4315 13
4316 11
4317 14
4318 13
4319 13
4320 10
4321 13
4322 19
4323 9
4324 10
4325 12
4326 10
4327 5
4328 11
4329 11
4330 10
4331 14
4332 9
4333 9
4334 18
4335 12
4336 13
4337 11
4338 10
4339 9
4340 11
4341 9
4342 11
4343 12
4344 12
4345 10
4346 12
4347 11
4348 8
4349 10
4350 11
4351 14
4352 8
4353 13
4354 8
4355 12
4356 11
4357 14
4358 13
4359 8
4360 11
4361 13
4362 12
4363 7
4364 9
4365 13
4366 11
4367 10
4368 13
4369 9
4370 12
4371 8
4372 10
4373 10
4374 9
4375 9
4376 11
4377 11
4378 12
4379 11
4380 13
4381 12
4382 11
4383 12
4384 13
4385 13
4386 11
4387 10
4388 14
4389 8
4390 11
4391 12
4392 10
4393 10
4394 10
4395 13
4396 10
4397 10
4398 12
4399 13
4400 10
4401 8
4402 10
4403 8
4404 9
4405 13
4406 9
4407 10
4408 9
4409 9
4410 10
4411 12
4412 12
4413 12
4414 14
4415 16
4416 9
4417 10
4418 18
4419 11
4420 13
4421 11
4422 10
4423 13
4424 10
4425 11
4426 12
4427 15
4428 10
4429 14
4430 8
4431 13
4432 10
4433 5
4434 8
4435 12
4436 9
4437 11
4438 13
4439 10
4440 11
4441 11
4442 10
4443 13
4444 10
4445 11
4446 10
4447 9
4448 13
4449 8
4450 11
4451 15
4452 11
4453 10
4454 11
4455 10
4456 14
4457 14
4458 6
4459 10
4460 12
4461 11
4462 13
4463 13
4464 12
4465 13
4466 10
4467 8
4468 10
4469 10
4470 13
4471 13
4472 15
4473 16
4474 13
4475 8
4476 10
4477 9
4478 10
4479 9
4480 14
4481 11
4482 13
4483 13
4484 10
4485 6
4486 9
4487 10
4488 11
4489 11
4490 10
4491 12
4492 10
4493 10
4494 13
4495 9
4496 9
4497 12
4498 12
4499 10
4500 14
4501 9
4502 13
4503 9
4504 11
4505 15
4506 13
4507 11
4508 12
4509 9
4510 10
4511 12
4512 10
4513 9
4514 15
4515 10
4516 11
4517 10
4518 8
4519 14
4520 14
4521 9
4522 13
4523 15
4524 10
4525 14
4526 15
4527 12
4528 14
4529 12
4530 9
4531 12
4532 12
4533 13
4534 16
4535 14
4536 13
4537 11
4538 11
4539 16
4540 9
4541 9
4542 11
4543 13
4544 11
4545 13
4546 8
4547 10
4548 7
4549 11
4550 10
4551 11
4552 14
4553 12
4554 11
4555 15
4556 12
4557 17
4558 13
4559 12
4560 8
4561 12
4562 8
4563 11
4564 9
4565 9
4566 12
4567 14
4568 10
4569 7
4570 10
4571 10
4572 12
4573 15
4574 9
4575 11
4576 15
4577 10
4578 6
4579 9
4580 9
4581 14
4582 10
4583 8
4584 11
4585 14
4586 11
4587 10
4588 9
4589 11
4590 12
4591 9
4592 10
4593 8
4594 10
4595 10
4596 12
4597 13
4598 14
4599 14
4600 12
4601 8
4602 11
4603 13
4604 14
4605 9
4606 13
4607 10
4608 7
4609 10
4610 9
4611 12
4612 8
4613 12
4614 10
4615 15
4616 9
4617 8
4618 9
4619 13
4620 13
4621 12
4622 13
4623 12
4624 14
4625 10
4626 10
4627 10
4628 11
4629 7
4630 10
4631 10
4632 10
4633 15
4634 15
4635 7
4636 10
4637 12
4638 13
4639 9
4640 9
4641 9
4642 8
4643 13
4644 10
4645 10
4646 16
4647 11
4648 10
4649 10
4650 13
4651 11
4652 14
4653 14
4654 10
4655 13
4656 13
4657 10
4658 12
4659 10
4660 12
4661 13
4662 14
4663 10
4664 9
4665 14
4666 13
4667 11
4668 9
4669 11
4670 6
4671 10
4672 13
4673 10
4674 10
4675 10
4676 10
4677 9
4678 12
4679 13
4680 10
4681 9
4682 11
4683 12
4684 9
4685 12
4686 6
4687 11
4688 9
4689 16
4690 13
4691 10
4692 11
4693 10
4694 11
4695 14
4696 8
4697 11
4698 10
4699 14
4700 14
4701 10
4702 9
4703 12
4704 9
4705 12
4706 8
4707 12
4708 9
4709 10
4710 9
4711 9
4712 13
4713 10
4714 11
4715 13
4716 11
4717 6
4718 13
4719 10
4720 11
4721 14
4722 14
4723 14
4724 9
4725 10
4726 12
4727 12
4728 6
4729 9
4730 13
4731 12
4732 12
4733 10
4734 10
4735 9
4736 9
4737 16
4738 12
4739 9
4740 8
4741 13
4742 13
4743 10
4744 13
4745 12
4746 9
4747 9
4748 12
4749 14
4750 11
4751 10
4752 11
4753 12
4754 8
4755 7
4756 12
4757 14
4758 8
4759 11
4760 9
4761 11
4762 9
4763 10
4764 6
4765 8
4766 14
4767 11
4768 11
4769 8
4770 10
4771 13
4772 9
4773 11
4774 9
4775 9
4776 10
4777 14
4778 7
4779 9
4780 11
4781 9
4782 13
4783 12
4784 12
4785 15
4786 11
4787 9
4788 9
4789 10
4790 11
4791 15
4792 10
4793 11
4794 12
4795 9
4796 13
4797 10
4798 12
4799 16
4800 12
4801 10
4802 10
4803 14
4804 8
4805 12
4806 9
4807 11
4808 11
4809 10
4810 10
4811 12
4812 11
4813 12
4814 11
4815 11
4816 8
4817 7
4818 11
4819 14
4820 10
4821 11
4822 10
4823 9
4824 9
4825 10
4826 12
4827 13
4828 14
4829 11
4830 8
4831 8
4832 12
4833 11
4834 9
4835 9
4836 12
4837 13
4838 11
4839 6
4840 10
4841 13
4842 10
4843 10
4844 10
4845 10
4846 12
4847 20
4848 10
4849 13
4850 12
4851 11
4852 12
4853 13
4854 8
4855 15
4856 10
4857 14
4858 6
4859 9
4860 13
4861 11
4862 17
4863 13
4864 11
4865 10
4866 9
4867 10
4868 13
4869 8
4870 11
4871 11
4872 9
4873 12
4874 14
4875 17
4876 10
4877 10
4878 8
4879 10
4880 9
4881 5
4882 11
4883 10
4884 18
4885 11
4886 9
4887 9
4888 12
4889 8
4890 13
4891 8
4892 8
4893 8
4894 10
4895 12
4896 13
4897 10
4898 13
4899 13
4900 9
4901 14
4902 8
4903 14
4904 7
4905 11
4906 11
4907 12
4908 10
4909 13
4910 9
4911 13
4912 12
4913 11
4914 6
4915 11
4916 13
4917 10
4918 11
4919 10
4920 13
4921 10
4922 9
4923 9
4924 10
4925 14
4926 9
4927 11
4928 11
4929 11
4930 15
4931 9
4932 12
4933 12
4934 12
4935 13
4936 12
4937 19
4938 12
4939 12
4940 10
4941 8
4942 9
4943 11
4944 11
4945 13
4946 14
4947 12
4948 10
4949 11
4950 12
4951 9
4952 12
4953 13
4954 12
4955 11
4956 8
4957 8
4958 11
4959 7
4960 10
4961 11
4962 18
4963 11
4964 18
4965 12
4966 8
4967 11
4968 16
4969 11
4970 13
4971 10
4972 13
4973 13
4974 11
4975 14
4976 13
4977 13
4978 9
4979 9
4980 14
4981 11
4982 9
4983 15
4984 10
4985 9
4986 10
4987 13
4988 11
4989 8
4990 7
4991 12
4992 13
4993 12
4994 9
4995 9
4996 7
4997 13
4998 9
4999 11
5000 13
