0 86
1 12
2 11
3 10
4 11
5 12
6 10
7 12
8 10
9 7
10 10
11 14
12 13
13 9
14 10
15 13
16 16
17 13
18 9
19 8
20 8
21 10
22 12
23 10
24 10
25 11
26 9
27 12
28 10
29 11
30 11
31 11
32 9
33 15
34 13
35 14
36 15
37 8
38 11
39 10
40 16
41 12
42 12
43 12
44 11
45 13
46 13
47 10
48 13
49 10
50 10
51 11
52 9
53 11
54 14
55 10
56 10
57 8
58 10
59 14
60 11
61 10
62 13
63 11
64 8
65 6
66 8
67 10
68 10
69 9
70 10
71 11
72 7
73 12
74 9
75 15
76 11
77 13
78 10
79 10
80 12
81 8
82 13
83 11
84 9
85 11
86 8
87 12
88 13
89 10
90 13
91 9
92 14
93 13
94 11
95 12
96 13
97 12
98 10
99 11
100 8
101 12
102 12
103 11
104 12
105 13
106 11
107 12
108 11
109 14
110 12
111 13
112 11
113 11
114 9
115 12
116 10
117 13
118 11
119 12
120 11
121 10
122 10
123 14
124 12
125 9
126 11
127 12
128 13
129 13
130 11
131 11
132 9
133 10
134 9
135 10
136 7
137 13
138 9
139 13
140 11
141 13
142 12
143 12
144 12
145 12
146 12
147 11
148 9
149 13
150 10
151 10
152 15
153 13
154 12
155 12
156 10
157 13
158 8
159 11
160 12
161 13
162 16
163 16
164 11
165 10
166 9
167 12
168 16
169 11
170 10
171 8
172 9
173 7
174 12
175 11
176 11
177 11
178 9
179 10
180 13
181 13
182 12
183 9
184 11
185 10
186 13
187 9
188 7
189 9
190 7
191 9
192 13
193 11
194 12
195 9
196 10
197 10
198 10
199 12
200 14
201 11
202 10
203 11
204 8
205 12
206 15
207 16
208 13
209 9
210 11
211 11
212 8
213 8
214 8
215 12
216 10
217 9
218 9
219 8
220 9
221 12
222 11
223 11
224 11
225 12
226 12
227 11
228 10
229 13
230 9
231 13
232 10
233 11
234 8
235 12
236 11
237 12
238 14
239 17
240 11
241 11
242 10
243 8
244 10
245 12
246 12
247 11
248 12
249 11
250 12
251 7
252 9
253 11
254 17
255 10
256 14
257 12
258 10
259 13
260 10
261 10
262 12
263 12
264 13
265 12
266 8
267 14
268 14
269 14
270 8
271 14
272 14
273 12
274 15
275 9
276 13
277 13
278 13
279 12
280 10
281 9
282 11
283 14
284 10
285 14
286 9
287 11
288 11
289 12
290 12
291 12
292 13
293 12
294 15
295 9
296 13
297 12
298 12
299 9
300 11
301 9
302 9
303 9
304 8
305 9
306 13
307 14
308 9
309 10
310 11
311 15
312 12
313 11
314 11
315 8
316 15
317 8
318 10
319 13
320 12
321 11
322 13
323 13
324 11
325 11
326 4
327 8
328 10
329 11
330 14
331 14
332 16
333 7
334 8
335 17
336 11
337 7
338 10
339 11
340 10
341 15
342 8
343 12
344 14
345 6
346 9
347 11
348 9
349 15
350 10
351 10
352 10
353 12
354 10
355 11
356 12
357 14
358 11
359 13
360 12
361 9
362 15
363 12
364 9
365 10
366 13
367 13
368 11
369 13
370 10
371 13
372 10
373 18
374 11
375 11
376 14
377 17
378 17
379 9
380 15
381 12
382 12
383 13
384 11
385 10
386 8
387 7
388 8
389 12
390 10
391 10
392 11
393 9
394 8
395 14
396 10
397 15
398 10
399 10
400 15
401 15
402 11
403 13
404 16
405 8
406 8
407 15
408 10
409 10
410 10
411 8
412 8
413 13
414 8
415 15
416 11
417 12
418 10
419 10
420 9
421 15
422 11
423 15
424 13
425 13
426 11
427 13
428 11
429 8
430 10
431 10
432 13
433 8
434 11
435 11
436 14
437 10
438 13
439 11
440 10
441 8
442 10
443 13
444 12
445 14
446 13
447 8
448 10
449 12
450 10
451 11
452 12
453 13
454 12
455 10
456 10
457 12
458 11
459 12
460 11
461 12
462 12
463 16
464 12
465 9
466 11
467 4
468 9
469 9
470 8
471 13
472 14
473 12
474 9
475 10
476 15
477 12
478 14
479 14
480 12
481 10
482 12
483 11
484 10
485 12
486 13
487 12
488 11
489 13
490 12
491 13
492 9
493 13
494 11
495 10
496 10
497 12
498 8
499 14
500 9
501 15
502 14
503 9
504 8
505 11
506 8
507 10
508 12
509 11
510 10
511 9
512 12
513 10
514 11
515 5
516 10
517 9
518 13
519 10
520 11
521 11
522 11
523 10
524 11
525 11
526 11
527 10
528 14
529 8
530 15
531 13
532 10
533 9
534 11
535 10
536 12
537 9
538 10
539 11
540 8
541 11
542 9
543 11
544 9
545 8
546 12
547 16
548 12
549 9
550 11
551 11
552 13
553 8
554 10
555 9
556 13
557 11
558 10
559 11
560 11
561 13
562 5
563 11
564 10
565 10
566 8
567 13
568 10
569 11
570 12
571 11
572 12
573 11
574 8
575 9
576 9
577 11
578 11
579 11
580 15
581 14
582 9
583 11
584 9
585 11
586 10
587 10
588 12
589 11
590 11
591 12
592 9
593 8
594 8
595 10
596 9
597 11
598 10
599 13
600 12
601 9
602 11
603 9
604 11
605 13
606 11
607 13
608 12
609 10
610 11
611 13
612 12
613 12
614 16
615 13
616 10
617 12
618 15
619 13
620 12
621 9
622 12
623 10
624 8
625 9
626 10
627 14
628 11
629 12
630 9
631 14
632 9
633 9
634 9
635 9
636 12
637 12
638 10
639 10
640 12
641 13
642 11
643 11
644 15
645 14
646 8
647 12
648 16
649 10
650 10
651 11
652 10
653 11
654 13
655 8
656 12
657 10
658 14
659 10
660 12
661 12
662 9
663 14
664 11
665 15
666 13
667 11
668 13
669 11
670 10
671 9
672 9
673 15
674 10
675 11
676 14
677 12
678 12
679 12
680 12
681 14
682 8
683 12
684 10
685 12
686 10
687 14
688 11
689 11
690 12
691 13
692 11
693 10
694 13
695 11
696 11
697 11
698 11
699 12
700 9
701 11
702 14
703 14
704 12
705 11
706 12
707 10
708 10
709 10
710 9
711 9
712 9
713 12
714 10
715 12
716 15
717 13
718 9
719 9
720 8
721 11
722 14
723 9
724 12
725 12
726 13
727 9
728 10
729 12
730 10
731 12
732 17
733 10
734 7
735 13
736 10
737 13
738 9
739 15
740 11
741 10
742 9
743 12
744 13
745 10
746 11
747 12
748 13
749 11
750 13
751 10
752 9
753 11
754 13
755 9
756 10
757 12
758 11
759 11
760 8
761 11
762 12
763 10
764 10
765 9
766 15
767 9
768 11
769 11
770 13
771 10
772 12
773 12
774 12
775 12
776 10
777 10
778 15
779 7
780 14
781 10
782 14
783 14
784 11
785 14
786 10
787 13
788 9
789 11
790 13
791 19
792 7
793 9
794 15
795 12
796 11
797 11
798 10
799 11
800 13
801 15
802 12
803 10
804 10
805 8
806 17
807 10
808 9
809 10
810 12
811 9
812 10
813 11
814 12
815 12
816 9
817 13
818 10
819 11
820 11
821 12
822 10
823 15
824 9
825 9
826 14
827 9
828 13
829 9
830 12
831 10
832 10
833 14
834 11
835 10
836 12
837 8
838 10
839 12
840 6
841 10
842 10
843 15
844 11
845 11
846 9
847 11
848 11
849 13
850 13
851 9
852 11
853 11
854 9
855 12
856 12
857 11
858 13
859 12
860 9
861 11
862 17
863 12
864 10
865 10
866 8
867 13
868 12
869 8
870 11
871 14
872 10
873 11
874 18
875 14
876 11
877 11
878 14
879 11
880 13
881 11
882 15
883 9
884 10
885 14
886 13
887 11
888 12
889 13
890 12
891 13
892 14
893 8
894 11
895 11
896 11
897 14
898 12
899 10
900 12
901 11
902 16
903 13
904 15
905 11
906 11
907 12
908 10
909 11
910 9
911 5
912 12
913 11
914 10
915 7
916 9
917 13
918 11
919 10
920 11
921 9
922 13
923 11
924 10
925 11
926 14
927 11
928 11
929 10
930 13
931 11
932 11
933 11
934 14
935 11
936 12
937 10
938 10
939 13
940 15
941 7
942 11
943 12
944 13
945 9
946 10
947 13
948 10
949 13
950 11
951 15
952 11
953 15
954 9
955 12
956 11
957 8
958 13
959 11
960 11
961 11
962 13
963 10
964 13
965 10
966 11
967 8
968 9
969 10
970 9
971 12
972 10
973 13
974 12
975 11
976 10
977 10
978 10
979 10
980 12
981 9
982 12
983 7
984 10
985 11
986 12
987 8
988 12
989 8
990 12
991 9
992 14
993 11
994 9
995 11
996 12
997 11
998 11
999 12
1000 12
1001 9
1002 11
1003 11
1004 14
1005 11
1006 12
1007 12
1008 12
1009 12
1010 12
1011 9
1012 8
1013 9
1014 12
1015 15
1016 8
1017 10
1018 12
1019 10
1020 9
1021 11
1022 13
1023 11
1024 13
1025 9
1026 9
1027 9
1028 11
1029 10
1030 11
1031 10
1032 9
1033 9
1034 9
1035 10
1036 9
1037 10
1038 9
1039 10
1040 15
1041 12
1042 11
1043 8
1044 4
1045 9
1046 15
1047 11
1048 13
1049 14
1050 10
1051 11
1052 8
1053 10
1054 10
1055 10
1056 9
1057 16
1058 8
1059 10
1060 9
1061 11
1062 16
1063 13
1064 10
1065 11
1066 10
1067 11
1068 8
1069 11
1070 11
1071 11
1072 13
1073 9
1074 11
1075 9
1076 12
1077 10
1078 12
1079 12
1080 14
1081 8
1082 8
1083 12
1084 12
1085 11
1086 11
1087 12
1088 10
1089 17
1090 11
1091 17
1092 12
1093 10
1094 10
1095 11
1096 10
1097 12
1098 12
1099 11
1100 12
1101 12
1102 12
1103 14
1104 13
1105 10
1106 9
1107 11
1108 14
1109 10
1110 12
1111 13
1112 12
1113 9
1114 13
1115 12
1116 11
1117 11
1118 9
1119 8
1120 13
1121 11
1122 15
1123 14
1124 13
1125 11
1126 13
1127 13
1128 10
1129 12
1130 9
1131 11
1132 12
1133 7
1134 11
1135 10
1136 10
1137 10
1138 11
1139 11
1140 17
1141 9
1142 10
1143 13
1144 8
1145 11
1146 10
1147 13
1148 13
1149 11
1150 11
1151 13
1152 13
1153 14
1154 12
1155 13
1156 8
1157 9
1158 7
1159 10
1160 6
1161 9
1162 9
1163 14
1164 8
1165 9
1166 12
1167 10
1168 10
1169 9
1170 12
1171 12
1172 11
1173 11
1174 9
1175 7
1176 10
1177 8
1178 11
1179 13
1180 13
1181 9
1182 11
1183 11
1184 9
1185 10
1186 13
1187 13
1188 12
1189 11
1190 12
1191 12
1192 15
1193 11
1194 10
1195 11
1196 10
1197 13
1198 12
1199 14
1200 12
1201 10
1202 12
1203 11
1204 14
1205 11
1206 11
1207 9
1208 11
1209 14
1210 17
1211 10
1212 13
1213 8
1214 14
1215 15
1216 8
1217 11
1218 7
1219 9
1220 11
1221 14
1222 8
1223 11
1224 8
1225 12
1226 12
1227 11
1228 13
1229 8
1230 8
1231 11
1232 13
1233 15
1234 10
1235 10
1236 14
1237 11
1238 10
1239 7
1240 12
1241 9
1242 10
1243 14
1244 8
1245 11
1246 14
1247 13
1248 11
1249 9
1250 10
1251 13
1252 10
1253 10
1254 13
1255 13
1256 14
1257 13
1258 10
1259 12
1260 8
1261 14
1262 11
1263 15
1264 11
1265 11
1266 13
1267 3
1268 9
1269 10
1270 11
1271 12
1272 10
1273 17
1274 9
1275 11
1276 9
1277 8
1278 10
1279 11
1280 9
1281 10
1282 4
1283 8
1284 9
1285 11
1286 12
1287 8
1288 9
1289 9
1290 14
1291 14
1292 8
1293 10
1294 8
1295 11
1296 8
1297 14
1298 8
1299 12
1300 8
1301 13
1302 12
1303 9
1304 14
1305 12
1306 15
1307 12
1308 10
1309 11
1310 12
1311 11
1312 12
1313 11
1314 8
1315 12
1316 13
1317 13
1318 12
1319 10
1320 8
1321 15
1322 8
1323 9
1324 12
1325 9
1326 7
1327 10
1328 9
1329 13
1330 13
1331 12
1332 11
1333 11
1334 10
1335 10
1336 10
1337 11
1338 9
1339 11
1340 13
1341 12
1342 8
1343 14
1344 12
1345 11
1346 13
1347 7
1348 12
1349 10
1350 9
1351 9
1352 10
1353 11
1354 12
1355 13
1356 10
1357 12
1358 14
1359 7
1360 13
1361 16
1362 10
1363 10
1364 11
1365 15
1366 14
1367 15
1368 9
1369 12
1370 12
1371 11
1372 13
1373 11
1374 11
1375 11
1376 11
1377 13
1378 8
1379 7
1380 12
1381 13
1382 8
1383 12
1384 14
1385 12
1386 14
1387 9
1388 13
1389 10
1390 9
1391 13
1392 11
1393 12
1394 13
1395 11
1396 7
1397 11
1398 14
1399 10
1400 11
1401 11
1402 11
1403 9
1404 6
1405 10
1406 12
1407 11
1408 12
1409 13
1410 11
1411 9
1412 11
1413 9
1414 10
1415 8
1416 10
1417 12
1418 9
1419 14
1420 10
1421 6
1422 14
1423 12
1424 14
1425 13
1426 9
1427 10
1428 13
1429 12
1430 10
1431 13
1432 14
1433 12
1434 14
1435 9
1436 13
1437 13
1438 13
1439 12
1440 11
1441 11
1442 12
1443 13
1444 14
1445 13
1446 8
1447 12
1448 12
1449 8
1450 7
1451 10
1452 12
1453 10
1454 10
1455 11
1456 13
1457 7
1458 14
1459 11
1460 12
1461 12
1462 13
1463 11
1464 12
1465 11
1466 11
1467 12
1468 8
1469 10
1470 13
1471 10
1472 5
1473 11
1474 11
1475 12
1476 13
1477 13
1478 9
1479 12
1480 12
1481 13
1482 13
1483 8
1484 11
1485 7
1486 12
1487 10
1488 12
1489 13
1490 11
1491 8
1492 13
1493 10
1494 11
1495 12
1496 12
1497 10
1498 8
1499 9
1500 14
1501 10
1502 12
1503 9
1504 13
1505 11
1506 10
1507 9
1508 10
1509 14
1510 12
1511 12
1512 10
1513 12
1514 10
1515 8
1516 11
1517 8
1518 9
1519 12
1520 11
1521 11
1522 16
1523 8
1524 12
1525 8
1526 10
1527 10
1528 15
1529 13
1530 17
1531 8
1532 11
1533 12
1534 10
1535 9
1536 15
1537 10
1538 9
1539 12
1540 9
1541 10
1542 14
1543 11
1544 8
1545 9
1546 14
1547 16
1548 11
1549 6
1550 11
1551 10
1552 11
1553 14
1554 11
1555 12
1556 11
1557 12
1558 11
1559 7
1560 10
1561 13
1562 12
1563 14
1564 9
1565 13
1566 9
1567 12
1568 14
1569 15
1570 12
1571 13
1572 12
1573 9
1574 10
1575 12
1576 11
1577 18
1578 14
1579 9
1580 8
1581 10
1582 13
1583 12
1584 7
1585 12
1586 11
1587 12
1588 15
1589 9
1590 13
1591 13
1592 11
1593 10
1594 14
1595 13
1596 10
1597 13
1598 7
1599 14
1600 10
1601 12
1602 12
1603 8
1604 12
1605 10
1606 11
1607 11
1608 7
1609 12
1610 7
1611 13
1612 11
1613 11
1614 10
1615 8
1616 13
1617 7
1618 13
1619 9
1620 11
1621 12
1622 9
1623 10
1624 7
1625 12
1626 11
1627 8
1628 10
1629 11
1630 6
1631 13
1632 13
1633 13
1634 11
1635 12
1636 11
1637 13
1638 13
1639 10
1640 12
1641 14
1642 13
1643 11
1644 10
1645 7
1646 11
1647 10
1648 12
1649 10
1650 6
1651 11
1652 8
1653 9
1654 8
1655 10
1656 15
1657 15
1658 10
1659 11
1660 11
1661 9
1662 12
1663 10
1664 9
1665 7
1666 8
1667 12
1668 11
1669 11
1670 12
1671 13
1672 13
1673 10
1674 11
1675 9
1676 7
1677 9
1678 11
1679 13
1680 10
1681 10
1682 10
1683 11
1684 14
1685 11
1686 10
1687 13
1688 13
1689 12
1690 10
1691 13
1692 12
1693 14
1694 14
1695 7
1696 10
1697 11
1698 10
1699 9
1700 11
1701 8
1702 11
1703 11
1704 19
1705 12
1706 8
1707 13
1708 14
1709 10
1710 13
1711 7
1712 10
1713 13
1714 9
1715 10
1716 11
1717 9
1718 12
1719 14
1720 9
1721 10
1722 9
1723 12
1724 11
1725 12
1726 10
1727 13
1728 12
1729 11
1730 10
1731 12
1732 10
1733 9
1734 8
1735 15
1736 12
1737 13
1738 13
1739 9
1740 11
1741 10
1742 14
1743 11
1744 11
1745 8
1746 10
1747 8
1748 12
1749 11
1750 10
1751 10
1752 13
1753 12
1754 15
1755 13
1756 7
1757 16
1758 12
1759 11
1760 10
1761 14
1762 12
1763 14
1764 10
1765 14
1766 15
1767 7
1768 10
1769 12
1770 12
1771 10
1772 9
1773 10
1774 11
1775 15
1776 15
1777 15
1778 15
1779 11
1780 10
1781 13
1782 12
1783 10
1784 12
1785 11
1786 9
1787 12
1788 13
1789 13
1790 10
1791 9
1792 8
1793 12
1794 13
1795 9
1796 13
1797 13
1798 13
1799 15
1800 13
1801 9
1802 13
1803 9
1804 13
1805 12
1806 14
1807 12
1808 8
1809 12
1810 16
1811 8
1812 7
1813 8
1814 14
1815 12
1816 12
1817 13
1818 12
1819 7
1820 10
1821 8
1822 12
1823 9
1824 12
1825 12
1826 11
1827 13
1828 13
1829 9
1830 8
1831 11
1832 11
1833 11
1834 9
1835 10
1836 11
1837 10
1838 15
1839 11
1840 12
1841 7
1842 10
1843 12
1844 13
1845 11
1846 9
1847 8
1848 10
1849 12
1850 9
1851 13
1852 12
1853 10
1854 16
1855 10
1856 11
1857 11
1858 10
1859 9
1860 10
1861 12
1862 11
1863 13
1864 10
1865 13
1866 12
1867 12
1868 12
1869 15
1870 13
1871 13
1872 9
1873 15
1874 12
1875 9
1876 11
1877 12
1878 15
1879 9
1880 12
1881 11
1882 11
1883 11
1884 12
1885 8
1886 9
1887 8
1888 18
1889 12
1890 14
1891 11
1892 10
1893 13
1894 6
1895 14
1896 12
1897 13
1898 11
1899 9
1900 8
1901 11
1902 12
1903 12
1904 11
1905 12
1906 12
1907 12
1908 9
1909 14
1910 11
1911 10
1912 16
1913 13
1914 12
1915 11
1916 12
1917 14
1918 9
1919 8
1920 10
1921 10
1922 12
1923 9
1924 13
1925 13
1926 11
1927 12
1928 8
1929 14
1930 9
1931 8
1932 12
1933 10
1934 14
1935 9
1936 8
1937 11
1938 11
1939 15
1940 10
1941 13
1942 8
1943 7
1944 14
1945 16
1946 10
1947 11
1948 10
1949 11
1950 12
1951 14
1952 10
1953 13
1954 11
1955 12
1956 12
1957 11
1958 9
1959 10
1960 17
1961 11
1962 12
1963 11
1964 16
1965 11
1966 12
1967 12
1968 8
1969 11
1970 11
1971 11
1972 9
1973 12
1974 9
1975 10
1976 7
1977 13
1978 13
1979 11
1980 11
1981 10
1982 10
1983 9
1984 12
1985 7
1986 10
1987 6
1988 11
1989 12
1990 9
1991 12
1992 13
1993 13
1994 11
1995 10
1996 10
1997 10
1998 8
1999 9
2000 9
2001 10
2002 16
2003 10
2004 13
2005 13
2006 7
2007 10
2008 10
2009 14
2010 10
2011 11
2012 12
2013 11
2014 10
2015 14
2016 10
2017 14
2018 9
2019 14
2020 12
2021 13
2022 10
2023 11
2024 12
2025 11
2026 14
2027 9
2028 11
2029 12
2030 10
2031 10
2032 14
2033 16
2034 12
2035 10
2036 11
2037 11
2038 7
2039 8
2040 10
2041 11
2042 8
2043 11
2044 10
2045 11
2046 10
2047 11
2048 10
2049 9
2050 11
2051 11
2052 13
2053 8
2054 11
2055 14
2056 16
2057 11
2058 7
2059 13
2060 11
2061 12
2062 11
2063 12
2064 8
2065 10
2066 7
2067 9
2068 13
2069 8
2070 9
2071 11
2072 12
2073 12
2074 14
2075 12
2076 13
2077 13
2078 16
2079 9
2080 15
2081 13
2082 12
2083 11
2084 15
2085 8
2086 13
2087 9
2088 9
2089 15
2090 8
2091 12
2092 15
2093 11
2094 9
2095 13
2096 14
2097 13
2098 12
2099 14
2100 9
2101 8
2102 11
2103 15
2104 15
2105 15
2106 13
2107 9
2108 13
2109 13
2110 8
2111 10
2112 8
2113 11
2114 10
2115 10
2116 11
2117 13
2118 14
2119 8
2120 10
2121 12
2122 14
2123 15
2124 10
2125 10
2126 7
2127 16
2128 7
2129 13
2130 11
2131 6
2132 12
2133 12
2134 10
2135 9
2136 12
2137 12
2138 10
2139 13
2140 11
2141 9
2142 11
2143 13
2144 12
2145 14
2146 10
2147 16
2148 11
2149 12
2150 10
2151 11
2152 10
2153 15
2154 15
2155 11
2156 8
2157 8
2158 16
2159 9
2160 11
2161 14
2162 10
2163 13
2164 10
2165 10
2166 11
2167 12
2168 10
2169 10
2170 11
2171 13
2172 12
2173 9
2174 10
2175 10
2176 10
2177 10
2178 9
2179 13
2180 7
2181 12
2182 12
2183 12
2184 10
2185 13
2186 14
2187 7
2188 12
2189 10
2190 10
2191 11
2192 11
2193 15
2194 9
2195 13
2196 12
2197 16
2198 11
2199 13
2200 12
2201 12
2202 9
2203 15
2204 8
2205 7
2206 13
2207 8
2208 11
2209 8
2210 12
2211 9
2212 15
2213 12
2214 13
2215 12
2216 11
2217 12
2218 11
2219 11
2220 7
2221 9
2222 13
2223 13
2224 12
2225 8
2226 16
2227 16
2228 14
2229 10
2230 12
2231 13
2232 9
2233 8
2234 10
2235 13
2236 10
2237 14
2238 12
2239 13
2240 11
2241 9
2242 10
2243 11
2244 13
2245 9
2246 11
2247 13
2248 14
2249 14
2250 13
2251 13
2252 11
2253 10
2254 11
2255 7
2256 14
2257 6
2258 14
2259 14
2260 12
2261 12
2262 12
2263 9
2264 7
2265 10
2266 12
2267 11
2268 14
2269 12
2270 14
2271 14
2272 11
2273 13
2274 12
2275 12
2276 9
2277 10
2278 12
2279 10
2280 14
2281 12
2282 11
2283 8
2284 11
2285 9
2286 9
2287 10
2288 9
2289 11
2290 12
2291 11
2292 10
2293 11
2294 11
2295 7
2296 8
2297 11
2298 9
2299 9
2300 11
2301 13
2302 12
2303 13
2304 13
2305 11
2306 9
2307 9
2308 11
2309 14
2310 13
2311 12
2312 13
2313 9
2314 13
2315 7
2316 15
2317 10
2318 11
2319 10
2320 14
2321 15
2322 17
2323 10
2324 10
2325 13
2326 9
2327 14
2328 10
2329 13
2330 11
2331 12
2332 12
2333 11
2334 12
2335 8
2336 12
2337 11
2338 11
2339 15
2340 11
2341 12
2342 12
2343 10
2344 15
2345 10
2346 9
2347 10
2348 14
2349 13
2350 11
2351 13
2352 13
2353 10
2354 11
2355 15
2356 8
2357 15
2358 4
2359 12
2360 7
2361 11
2362 12
2363 14
2364 11
2365 9
2366 11
2367 13
2368 11
2369 8
2370 6
2371 14
2372 12
2373 9
2374 13
2375 13
2376 8
2377 11
2378 10
2379 12
2380 13
2381 11
2382 11
2383 11
2384 11
2385 14
2386 10
2387 11
2388 14
2389 15
2390 9
2391 12
2392 9
2393 11
2394 16
2395 15
2396 14
2397 13
2398 13
2399 13
2400 15
2401 12
2402 15
2403 6
2404 16
2405 12
2406 12
2407 18
2408 8
2409 12
2410 7
2411 12
2412 11
2413 12
2414 12
2415 7
2416 9
2417 10
2418 12
2419 12
2420 9
2421 11
2422 11
2423 12
2424 11
2425 11
2426 12
2427 14
2428 9
2429 14
2430 11
2431 12
2432 15
2433 10
2434 14
2435 10
2436 11
2437 13
2438 15
2439 11
2440 13
2441 16
2442 11
2443 13
2444 13
2445 13
2446 10
2447 11
2448 11
2449 10
2450 10
2451 10
2452 10
2453 11
2454 13
2455 13
2456 13
2457 8
2458 8
2459 10
2460 9
2461 13
2462 11
2463 15
2464 16
2465 8
2466 16
2467 14
2468 10
2469 13
2470 12
2471 10
2472 12
2473 12
2474 8
2475 13
2476 10
2477 13
2478 14
2479 15
2480 12
2481 10
2482 12
2483 13
2484 11
2485 9
2486 10
2487 12
2488 10
2489 10
2490 10
2491 12
2492 8
2493 8
2494 11
2495 12
2496 15
2497 8
2498 7
2499 10
2500 13
2501 15
2502 11
2503 10
2504 10
2505 12
2506 5
2507 12
2508 9
2509 8
2510 13
2511 8
2512 12
2513 8
2514 13
2515 12
2516 15
2517 12
2518 10
2519 9
2520 16
2521 9
2522 10
2523 11
2524 12
2525 8
2526 16
2527 12
2528 9
2529 12
2530 7
2531 12
2532 15
2533 11
2534 12
2535 12
2536 13
2537 12
2538 11
2539 8
2540 13
2541 12
2542 10
2543 8
2544 12
2545 13
2546 12
2547 11
2548 9
2549 14
2550 9
2551 12
2552 13
2553 10
2554 9
2555 10
2556 10
2557 11
2558 13
2559 7
2560 11
2561 8
2562 11
2563 10
2564 11
2565 9
2566 12
2567 11
2568 11
2569 12
2570 10
2571 11
2572 6
2573 13
2574 11
2575 11
2576 12
2577 10
2578 12
2579 12
2580 6
2581 13
2582 9
2583 10
2584 9
2585 10
2586 8
2587 12
2588 14
2589 14
2590 11
2591 11
2592 12
2593 14
2594 9
2595 11
2596 9
2597 12
2598 13
2599 15
2600 12
2601 10
2602 11
2603 14
2604 10
2605 11
2606 12
2607 12
2608 12
2609 12
2610 13
2611 9
2612 12
2613 11
2614 13
2615 10
2616 13
2617 12
2618 11
2619 15
2620 12
2621 12
2622 11
2623 9
2624 14
2625 11
2626 9
2627 14
2628 10
2629 13
2630 10
2631 10
2632 12
2633 13
2634 10
2635 15
2636 12
2637 12
2638 10
2639 11
2640 8
2641 12
2642 12
2643 8
2644 7
2645 11
2646 10
2647 12
2648 9
2649 14
2650 11
2651 12
2652 8
2653 8
2654 12
2655 12
2656 13
2657 16
2658 8
2659 14
2660 12
2661 12
2662 10
2663 11
2664 11
2665 11
2666 12
2667 8
2668 11
2669 12
2670 15
2671 13
2672 7
2673 12
2674 11
2675 11
2676 10
2677 11
2678 12
2679 12
2680 11
2681 8
2682 11
2683 8
2684 8
2685 10
2686 9
2687 11
2688 13
2689 13
2690 9
2691 16
2692 11
2693 13
2694 13
2695 11
2696 16
2697 10
2698 7
2699 9
2700 11
2701 7
2702 14
2703 12
2704 13
2705 10
2706 12
2707 12
2708 8
2709 10
2710 11
2711 7
2712 10
2713 10
2714 11
2715 12
2716 11
2717 7
2718 8
2719 11
2720 12
2721 13
2722 11
2723 13
2724 11
2725 12
2726 11
2727 13
2728 10
2729 14
2730 10
2731 12
2732 16
2733 8
2734 12
2735 12
2736 11
2737 15
2738 11
2739 11
2740 10
2741 11
2742 12
2743 10
2744 11
2745 14
2746 11
2747 11
2748 13
2749 9
2750 14
2751 11
2752 8
2753 6
2754 9
2755 15
2756 10
2757 11
2758 9
2759 9
2760 12
2761 10
2762 9
2763 11
2764 14
2765 15
2766 14
2767 12
2768 12
2769 8
2770 12
2771 11
2772 8
2773 12
2774 10
2775 13
2776 10
2777 12
2778 9
2779 14
2780 15
2781 9
2782 11
2783 13
2784 13
2785 11
2786 12
2787 13
2788 13
2789 10
2790 12
2791 15
2792 12
2793 12
2794 12
2795 10
2796 13
2797 10
2798 14
2799 10
2800 12
2801 12
2802 13
2803 10
2804 8
2805 11
2806 14
2807 12
2808 10
2809 13
2810 10
2811 11
2812 11
2813 13
2814 13
2815 11
2816 13
2817 15
2818 16
2819 11
2820 9
2821 13
2822 14
2823 11
2824 15
2825 13
2826 14
2827 12
2828 13
2829 12
2830 14
2831 10
2832 13
2833 9
2834 14
2835 8
2836 5
2837 12
2838 11
2839 17
2840 14
2841 15
2842 10
2843 10
2844 10
2845 14
2846 6
2847 11
2848 15
2849 11
2850 11
2851 12
2852 9
2853 11
2854 12
2855 6
2856 11
2857 12
2858 13
2859 9
2860 12
2861 9
2862 14
2863 12
2864 11
2865 12
2866 8
2867 8
2868 14
2869 15
2870 9
2871 12
2872 11
2873 13
2874 11
2875 10
2876 13
2877 15
2878 13
2879 12
2880 14
2881 11
2882 9
2883 15
2884 8
2885 8
2886 9
2887 12
2888 13
2889 11
2890 14
2891 13
2892 13
2893 8
2894 11
2895 14
2896 13
2897 10
2898 14
2899 16
2900 9
2901 7
2902 14
2903 9
2904 7
2905 10
2906 13
2907 12
2908 13
2909 12
2910 15
2911 10
2912 10
2913 11
2914 11
2915 14
2916 14
2917 9
2918 12
2919 11
2920 8
2921 10
2922 13
2923 13
2924 12
2925 9
2926 15
2927 13
2928 13
2929 9
2930 11
2931 7
2932 14
2933 13
2934 14
2935 12
2936 10
2937 12
2938 9
2939 11
2940 9
2941 12
2942 12
2943 11
2944 11
2945 10
2946 11
2947 9
2948 8
2949 16
2950 11
2951 11
2952 11
2953 9
2954 14
2955 11
2956 15
2957 10
2958 13
2959 13
2960 10
2961 11
2962 11
2963 16
2964 14
2965 12
2966 10
2967 13
2968 10
2969 9
2970 12
2971 14
2972 10
2973 9
2974 12
2975 8
2976 8
2977 15
2978 12
2979 10
2980 12
2981 10
2982 10
2983 11
2984 15
2985 9
2986 12
2987 8
2988 11
2989 14
2990 14
2991 9
2992 13
2993 6
2994 11
2995 9
2996 16
2997 7
2998 12
2999 12
3000 9
3001 11
3002 4
3003 13
3004 12
3005 12
3006 10
3007 11
3008 11
3009 9
3010 15
3011 18
3012 11
3013 12
3014 12
3015 14
3016 11
3017 10
3018 10
3019 8
3020 14
3021 8
3022 10
3023 13
3024 14
3025 8
3026 12
3027 11
3028 7
3029 9
3030 13
3031 6
3032 14
3033 10
3034 9
3035 13
3036 12
3037 11
3038 10
3039 9
3040 13
3041 6
3042 10
3043 12
3044 9
3045 18
3046 12
3047 12
3048 11
3049 13
3050 11
3051 8
3052 12
3053 10
3054 13
3055 9
3056 13
3057 11
3058 13
3059 9
3060 12
3061 8
3062 12
3063 11
3064 15
3065 12
3066 10
3067 18
3068 14
3069 12
3070 12
3071 14
3072 14
3073 7
3074 9
3075 13
3076 14
3077 10
3078 12
3079 15
3080 11
3081 8
3082 11
3083 11
3084 11
3085 12
3086 11
3087 17
3088 15
3089 11
3090 7
3091 9
3092 11
3093 10
3094 11
3095 13
3096 11
3097 6
3098 10
3099 14
3100 11
3101 12
3102 10
3103 16
3104 9
3105 14
3106 10
3107 9
3108 12
3109 11
3110 10
3111 12
3112 7
3113 12
3114 8
3115 13
3116 13
3117 13
3118 15
3119 10
3120 12
3121 14
3122 9
3123 15
3124 10
3125 12
3126 12
3127 9
3128 14
3129 11
3130 16
3131 13
3132 12
3133 14
3134 13
3135 12
3136 10
3137 13
3138 14
3139 15
3140 11
3141 10
3142 12
3143 10
3144 7
3145 14
3146 8
3147 13
3148 11
3149 15
3150 12
3151 13
3152 9
3153 9
3154 8
3155 10
3156 13
3157 12
3158 10
3159 15
3160 11
3161 11
3162 11
3163 9
3164 15
3165 6
3166 12
3167 10
3168 11
3169 13
3170 11
3171 12
3172 10
3173 11
3174 14
3175 11
3176 7
3177 10
3178 13
3179 14
3180 12
3181 8
3182 11
3183 11
3184 13
3185 7
3186 12
3187 10
3188 9
3189 12
3190 12
3191 12
3192 11
3193 12
3194 11
3195 14
3196 9
3197 11
3198 12
3199 10
3200 12
3201 14
3202 7
3203 11
3204 12
3205 9
3206 10
3207 11
3208 13
3209 11
3210 12
3211 9
3212 10
3213 12
3214 10
3215 12
3216 11
3217 9
3218 9
3219 13
3220 9
3221 12
3222 8
3223 11
3224 8
3225 8
3226 8
3227 10
3228 14
3229 12
3230 12
3231 14
3232 15
3233 11
3234 9
3235 11
3236 9
3237 10
3238 13
3239 11
3240 14
3241 10
3242 11
3243 10
3244 13
3245 6
3246 8
3247 10
3248 9
3249 9
3250 14
3251 11
3252 13
3253 10
3254 14
3255 12
3256 12
3257 11
3258 9
3259 13
3260 13
3261 11
3262 11
3263 12
3264 11
3265 10
3266 15
3267 9
3268 9
3269 11
3270 13
3271 9
3272 12
3273 13
3274 14
3275 12
3276 10
3277 12
3278 8
3279 16
3280 13
3281 9
3282 13
3283 12
3284 6
3285 9
3286 14
3287 10
3288 12
3289 12
3290 11
3291 13
3292 12
3293 12
3294 7
3295 11
3296 7
3297 14
3298 10
3299 10
3300 12
3301 12
3302 14
3303 15
3304 11
3305 9
3306 7
3307 14
3308 14
3309 12
3310 10
3311 9
3312 14
3313 11
3314 11
3315 7
3316 11
3317 10
3318 12
3319 12
3320 14
3321 10
3322 11
3323 14
3324 12
3325 9
3326 13
3327 13
3328 13
3329 9
3330 14
3331 11
3332 12
3333 10
3334 16
3335 11
3336 10
3337 14
3338 12
3339 9
3340 16
3341 10
3342 12
3343 13
3344 12
3345 10
3346 10
3347 11
3348 12
3349 10
3350 10
3351 4
3352 9
3353 10
3354 12
3355 14
3356 10
3357 13
3358 7
3359 15
3360 9
3361 11
3362 11
3363 13
3364 11
3365 10
3366 13
3367 8
3368 10
3369 12
3370 10
3371 14
3372 14
3373 11
3374 9
3375 10
3376 9
3377 12
3378 13
3379 4
3380 9
3381 8
3382 8
3383 8
3384 11
3385 12
3386 8
3387 12
3388 19
3389 11
3390 9
3391 12
3392 11
3393 13
3394 14
3395 11
3396 10
3397 12
3398 10
3399 9
3400 13
3401 11
3402 11
3403 9
3404 10
3405 9
3406 10
3407 12
3408 11
3409 14
3410 12
3411 11
3412 11
3413 11
3414 12
3415 11
3416 13
3417 9
3418 10
3419 13
3420 10
3421 9
3422 15
3423 10
3424 10
3425 12
3426 12
3427 12
3428 10
3429 14
3430 13
3431 14
3432 9
3433 11
3434 13
3435 10
3436 8
3437 12
3438 7
3439 11
3440 14
3441 16
3442 8
3443 12
3444 8
3445 10
3446 10
3447 10
3448 12
3449 11
3450 12
3451 10
3452 11
3453 10
3454 9
3455 10
3456 12
3457 8
3458 11
3459 12
3460 8
3461 15
3462 11
3463 8
3464 9
3465 11
3466 13
3467 7
3468 5
3469 12
3470 11
3471 11
3472 4
3473 10
3474 9
3475 13
3476 15
3477 11
3478 10
3479 10
3480 11
3481 9
3482 13
3483 10
3484 9
3485 12
3486 11
3487 10
3488 12
3489 11
3490 11
3491 13
3492 12
3493 13
3494 10
3495 9
3496 13
3497 9
3498 10
3499 10
3500 12
3501 9
3502 12
3503 13
3504 12
3505 9
3506 11
3507 10
3508 7
3509 11
3510 10
3511 7
3512 18
3513 12
3514 13
3515 16
3516 11
3517 16
3518 7
3519 11
3520 14
3521 11
3522 15
3523 12
3524 15
3525 10
3526 12
3527 13
3528 12
3529 10
3530 11
3531 11
3532 12
3533 11
3534 11
3535 4
3536 9
3537 15
3538 13
3539 13
3540 15
3541 11
3542 11
3543 12
3544 7
3545 12
3546 13
3547 11
3548 9
3549 9
3550 9
3551 12
3552 7
3553 10
3554 10
3555 12
3556 13
3557 7
3558 11
3559 13
3560 13
3561 8
3562 13
3563 8
3564 11
3565 11
3566 8
3567 16
3568 7
3569 10
3570 15
3571 11
3572 10
3573 12
3574 10
3575 8
3576 13
3577 13
3578 9
3579 13
3580 12
3581 8
3582 9
3583 9
3584 12
3585 12
3586 11
3587 8
3588 9
3589 13
3590 11
3591 11
3592 15
3593 15
3594 10
3595 10
3596 8
3597 12
3598 13
3599 10
3600 11
3601 8
3602 13
3603 13
3604 14
3605 8
3606 8
3607 13
3608 15
3609 13
3610 12
3611 7
3612 13
3613 10
3614 13
3615 12
3616 11
3617 14
3618 7
3619 9
3620 12
3621 12
3622 14
3623 10
3624 12
3625 10
3626 10
3627 10
3628 10
3629 9
3630 12
3631 8
3632 10
3633 10
3634 12
3635 8
3636 16
3637 11
3638 15
3639 15
3640 11
3641 13
3642 13
3643 11
3644 12
3645 13
3646 9
3647 14
3648 11
3649 13
3650 12
3651 12
3652 12
3653 8
3654 14
3655 14
3656 15
3657 8
3658 9
3659 11
3660 6
3661 13
3662 11
3663 11
3664 12
3665 13
3666 13
3667 10
3668 13
3669 14
3670 12
3671 10
3672 11
3673 10
3674 9
3675 9
3676 10
3677 10
3678 10
3679 12
3680 6
3681 13
3682 9
3683 10
3684 12
3685 11
3686 9
3687 14
3688 13
3689 13
3690 11
3691 12
3692 12
3693 11
3694 12
3695 12
3696 12
3697 16
3698 13
3699 10
3700 10
3701 14
3702 10
3703 9
3704 11
3705 10
3706 12
3707 8
3708 11
3709 12
3710 11
3711 9
3712 13
3713 9
3714 12
3715 12
3716 8
3717 7
3718 10
3719 12
3720 12
3721 10
3722 10
3723 9
3724 11
3725 8
3726 9
3727 12
3728 9
3729 16
3730 11
3731 8
3732 10
3733 10
3734 10
3735 12
3736 10
3737 8
3738 13
3739 10
3740 11
3741 11
3742 14
3743 9
3744 11
3745 14
3746 13
3747 11
3748 15
3749 8
3750 9
3751 13
3752 9
3753 12
3754 12
3755 10
3756 9
3757 10
3758 11
3759 9
3760 11
3761 10
3762 10
3763 9
3764 13
3765 14
3766 11
3767 9
3768 10
3769 11
3770 12
3771 7
3772 12
3773 12
3774 10
3775 13
3776 10
3777 12
3778 10
3779 16
3780 10
3781 12
3782 11
3783 8
3784 7
3785 12
3786 12
3787 14
3788 11
3789 15
3790 12
3791 12
3792 15
3793 12
3794 12
3795 9
3796 12
3797 11
3798 9
3799 16
3800 15
3801 11
3802 9
3803 11
3804 9
3805 13
3806 11
3807 13
3808 10
3809 10
3810 10
3811 8
3812 13
3813 16
3814 8
3815 10
3816 10
3817 11
3818 11
3819 11
3820 14
3821 13
3822 13
3823 14
3824 10
3825 12
3826 12
3827 13
3828 9
3829 14
3830 11
3831 13
3832 13
3833 14
3834 13
3835 9
3836 10
3837 10
3838 9
3839 17
3840 13
3841 15
3842 12
3843 12
3844 10
3845 10
3846 11
3847 12
3848 13
3849 9
3850 10
3851 10
3852 12
3853 13
3854 11
3855 14
3856 8
3857 13
3858 12
3859 6
3860 7
3861 11
3862 11
3863 11
3864 10
3865 11
3866 9
3867 12
3868 12
3869 10
3870 8
3871 10
3872 11
3873 9
3874 10
3875 13
3876 10
3877 10
3878 10
3879 12
3880 11
3881 9
3882 9
3883 11
3884 16
3885 16
3886 8
3887 12
3888 12
3889 12
3890 8
3891 12
3892 10
3893 15
3894 10
3895 10
3896 11
3897 11
3898 13
3899 13
3900 13
3901 12
3902 11
3903 13
3904 14
3905 9
3906 9
3907 14
3908 10
3909 10
3910 11
3911 12
3912 12
3913 11
3914 13
3915 10
3916 10
3917 11
3918 8
3919 13
3920 8
3921 12
3922 11
3923 10
3924 11
3925 8
3926 11
3927 10
3928 11
3929 15
3930 13
3931 11
3932 9
3933 14
3934 11
3935 9
3936 12
3937 6
3938 10
3939 11
3940 10
3941 11
3942 12
3943 10
3944 12
3945 9
3946 12
3947 12
3948 10
3949 14
3950 10
3951 12
3952 13
3953 12
3954 10
3955 11
3956 13
3957 8
3958 13
3959 11
3960 11
3961 10
3962 12
3963 12
3964 13
3965 10
3966 10
3967 12
3968 14
3969 11
3970 9
3971 11
3972 11
3973 8
3974 13
3975 13
3976 10
3977 14
3978 13
3979 12
3980 10
3981 12
3982 12
3983 12
3984 11
3985 12
3986 10
3987 12
3988 13
3989 12
3990 10
3991 9
3992 10
3993 12
3994 14
3995 6
3996 16
3997 9
3998 15
3999 13
4000 14
4001 13
4002 14
4003 12
4004 12
4005 7
4006 11
4007 11
4008 11
4009 12
4010 11
4011 8
4012 8
4013 9
4014 9
4015 14
4016 9
4017 9
4018 12
4019 7
4020 13
4021 13
4022 12
4023 11
4024 11
4025 10
4026 10
4027 6
4028 9
4029 8
4030 9
4031 9
4032 10
4033 13
4034 9
4035 15
4036 12
4037 12
4038 11
4039 15
4040 10
4041 12
4042 9
4043 11
4044 11
4045 10
4046 10
4047 12
4048 10
4049 13
4050 12
4051 12
4052 12
4053 4
4054 12
4055 13
4056 12
4057 9
4058 12
4059 8
4060 14
4061 12
4062 14
4063 10
4064 11
4065 10
4066 9
4067 13
4068 10
4069 11
4070 13
4071 11
4072 9
4073 9
4074 9
4075 11
4076 10
4077 10
4078 12
4079 11
4080 10
4081 10
4082 10
4083 13
4084 14
4085 16
4086 13
4087 13
4088 12
4089 11
4090 11
4091 8
4092 14
4093 9
4094 13
4095 9
4096 14
4097 9
4098 11
4099 8
4100 14
4101 11
4102 9
4103 14
4104 17
4105 12
4106 12
4107 9
4108 7
4109 10
4110 13
4111 10
4112 9
4113 12
4114 10
4115 9
4116 11
4117 10
4118 10
4119 8
4120 13
4121 11
4122 11
4123 13
4124 9
4125 11
4126 14
4127 12
4128 8
4129 14
4130 14
4131 14
4132 14
4133 9
4134 11
4135 11
4136 13
4137 9
4138 12
4139 7
4140 7
4141 11
4142 9
4143 17
4144 7
4145 10
4146 11
4147 8
4148 12
4149 14
4150 12
4151 13
4152 11
4153 12
4154 12
4155 11
4156 15
4157 9
4158 9
4159 12
4160 13
4161 12
4162 9
4163 7
4164 11
4165 11
4166 11
4167 9
4168 15
4169 12
4170 13
4171 8
4172 11
4173 10
4174 12
4175 13
4176 13
4177 12
4178 10
4179 10
4180 11
4181 8
4182 11
4183 14
4184 12
4185 6
4186 13
4187 10
4188 11
4189 8
4190 13
4191 13
4192 13
4193 12
4194 9
4195 12
4196 12
4197 11
4198 13
4199 11
4200 11
4201 12
4202 8
4203 13
4204 10
4205 12
4206 12
4207 8
4208 12
4209 13
4210 10
4211 11
4212 11
4213 11
4214 3
4215 12
4216 8
4217 16
4218 12
4219 9
4220 9
4221 14
4222 10
4223 10
4224 12
4225 12
4226 7
4227 9
4228 11
4229 9
4230 13
4231 13
4232 11
4233 11
4234 12
4235 12
4236 11
4237 10
4238 13
4239 11
4240 9
4241 10
4242 9
4243 10
4244 13
4245 9
4246 12
4247 8
4248 11
4249 12
4250 8
4251 9
4252 12
4253 15
4254 8
4255 8
4256 10
4257 11
4258 13
4259 13
4260 13
4261 10
4262 12
4263 13
4264 16
4265 14
4266 13
4267 11
4268 9
4269 14
4270 10
4271 12
4272 15
4273 9
4274 11
4275 11
4276 12
4277 12
4278 11
4279 11
4280 9
4281 8
4282 13
4283 3
4284 9
4285 12
4286 14
4287 12
4288 10
4289 11
4290 12
4291 11
4292 12
4293 9
4294 7
4295 10
4296 8
4297 10
4298 14
4299 10
4300 13
4301 15
4302 9
4303 10
4304 8
4305 12
4306 11
4307 13
4308 18
4309 12
4310 12
4311 14
4312 10
4313 11
4314 11
4315 12
4316 12
4317 8
4318 14
4319 14
4320 12
4321 12
4322 8
4323 10
4324 17
4325 16
4326 13
4327 13
4328 15
4329 10
4330 10
4331 16
4332 10
4333 11
4334 12
4335 14
4336 13
4337 8
4338 13
4339 13
4340 12
4341 10
4342 14
4343 12
4344 13
4345 13
4346 12
4347 14
4348 7
4349 10
4350 12
4351 11
4352 10
4353 12
4354 10
4355 11
4356 13
4357 11
4358 10
4359 14
4360 10
4361 8
4362 9
4363 10
4364 12
4365 11
4366 12
4367 15
4368 12
4369 13
4370 12
4371 13
4372 15
4373 12
4374 13
4375 11
4376 11
4377 12
4378 9
4379 14
4380 10
4381 10
4382 11
4383 11
4384 10
4385 8
4386 11
4387 11
4388 10
4389 14
4390 8
4391 7
4392 10
4393 13
4394 13
4395 8
4396 10
4397 11
4398 12
4399 13
4400 9
4401 13
4402 13
4403 14
4404 10
4405 12
4406 12
4407 9
4408 10
4409 18
4410 11
4411 12
4412 13
4413 14
4414 12
4415 11
4416 11
4417 17
4418 10
4419 11
4420 17
4421 11
4422 11
4423 8
4424 12
4425 13
4426 11
4427 12
4428 9
4429 10
4430 14
4431 8
4432 11
4433 12
4434 11
4435 10
4436 9
4437 9
4438 16
4439 11
4440 14
4441 11
4442 9
4443 9
4444 6
4445 9
4446 12
4447 8
4448 11
4449 11
4450 13
4451 15
4452 14
4453 14
4454 13
4455 11
4456 9
4457 11
4458 15
4459 10
4460 12
4461 12
4462 10
4463 8
4464 12
4465 10
4466 14
4467 7
4468 10
4469 12
4470 16
4471 10
4472 11
4473 10
4474 10
4475 11
4476 10
4477 8
4478 7
4479 11
4480 11
4481 8
4482 11
4483 10
4484 12
4485 12
4486 12
4487 9
4488 7
4489 15
4490 7
4491 14
4492 10
4493 12
4494 6
4495 12
4496 9
4497 7
4498 12
4499 17
4500 10
4501 9
4502 12
4503 13
4504 12
4505 12
4506 14
4507 8
4508 9
4509 10
4510 11
4511 9
4512 9
4513 13
4514 12
4515 7
4516 10
4517 9
4518 11
4519 12
4520 13
4521 12
4522 9
4523 9
4524 14
4525 10
4526 11
4527 15
4528 15
4529 10
4530 12
4531 7
4532 13
4533 11
4534 12
4535 13
4536 8
4537 12
4538 6
4539 9
4540 8
4541 13
4542 13
4543 8
4544 12
4545 11
4546 12
4547 13
4548 8
4549 12
4550 11
4551 10
4552 10
4553 12
4554 8
4555 9
4556 9
4557 9
4558 11
4559 7
4560 11
4561 13
4562 12
4563 8
4564 9
4565 11
4566 9
4567 16
4568 9
4569 6
4570 11
4571 16
4572 11
4573 11
4574 11
4575 15
4576 13
4577 9
4578 11
4579 10
4580 10
4581 9
4582 10
4583 10
4584 10
4585 10
4586 13
4587 16
4588 10
4589 11
4590 9
4591 10
4592 8
4593 15
4594 12
4595 12
4596 11
4597 9
4598 12
4599 13
4600 7
4601 10
4602 8
4603 13
4604 13
4605 13
4606 12
4607 9
4608 14
4609 11
4610 14
4611 12
4612 14
4613 10
4614 17
4615 13
4616 13
4617 12
4618 10
4619 12
4620 14
4621 14
4622 13
4623 14
4624 9
4625 7
4626 13
4627 13
4628 12
4629 8
4630 13
4631 13
4632 10
4633 11
4634 11
4635 16
4636 10
4637 7
4638 10
4639 13
4640 10
4641 10
4642 10
4643 9
4644 11
4645 10
4646 15
4647 13
4648 8
4649 15
4650 10
4651 9
4652 7
4653 9
4654 15
4655 9
4656 9
4657 14
4658 11
4659 11
4660 11
4661 13
4662 11
4663 12
4664 13
4665 10
4666 16
4667 12
4668 11
4669 15
4670 10
4671 10
4672 10
4673 11
4674 13
4675 9
4676 13
4677 12
4678 13
4679 14
4680 11
4681 12
4682 9
4683 7
4684 11
4685 8
4686 11
4687 16
4688 10
4689 13
4690 11
4691 11
4692 13
4693 11
4694 13
4695 11
4696 11
4697 12
4698 9
4699 9
4700 9
4701 6
4702 7
4703 13
4704 13
4705 8
4706 14
4707 12
4708 12
4709 12
4710 14
4711 8
4712 9
4713 11
4714 10
4715 9
4716 10
4717 12
4718 9
4719 11
4720 12
4721 11
4722 14
4723 9
4724 15
4725 10
4726 12
4727 10
4728 11
4729 10
4730 13
4731 11
4732 13
4733 14
4734 9
4735 12
4736 9
4737 11
4738 8
4739 8
4740 12
4741 11
4742 10
4743 11
4744 14
4745 13
4746 10
4747 7
4748 16
4749 10
4750 11
4751 10
4752 10
4753 10
4754 11
4755 11
4756 10
4757 10
4758 10
4759 9
4760 10
4761 13
4762 11
4763 12
4764 10
4765 9
4766 9
4767 12
4768 13
4769 13
4770 13
4771 13
4772 10
4773 13
4774 11
4775 10
4776 12
4777 14
4778 17
4779 11
4780 13
4781 11
4782 15
4783 11
4784 15
4785 7
4786 10
4787 11
4788 11
4789 12
4790 13
4791 11
4792 15
4793 10
4794 13
4795 9
4796 7
4797 12
4798 9
4799 13
4800 10
4801 12
4802 12
4803 14
4804 12
4805 9
4806 8
4807 15
4808 9
4809 8
4810 10
4811 11
4812 11
4813 10
4814 9
4815 9
4816 11
4817 13
4818 11
4819 8
4820 13
4821 10
4822 11
4823 15
4824 11
4825 11
4826 9
4827 12
4828 10
4829 14
4830 10
4831 9
4832 9
4833 14
4834 10
4835 8
4836 13
4837 11
4838 12
4839 8
4840 19
4841 13
4842 12
4843 6
4844 10
4845 18
4846 8
4847 17
4848 12
4849 10
4850 13
4851 9
4852 11
4853 12
4854 11
4855 12
4856 12
4857 10
4858 12
4859 13
4860 11
4861 10
4862 10
4863 11
4864 9
4865 9
4866 11
4867 13
4868 10
4869 10
4870 9
4871 9
4872 10
4873 13
4874 13
4875 12
4876 8
4877 8
4878 9
4879 11
4880 12
4881 13
4882 11
4883 13
4884 13
4885 14
4886 16
4887 13
4888 11
4889 9
4890 12
4891 14
4892 9
4893 7
4894 13
4895 15
4896 9
4897 12
4898 11
4899 9
4900 11
4901 8
4902 15
4903 11
4904 10
4905 13
4906 16
4907 8
4908 9
4909 12
4910 10
4911 14
4912 13
4913 11
4914 11
4915 11
4916 10
4917 13
4918 7
4919 11
4920 11
4921 15
4922 14
4923 12
4924 13
4925 10
4926 13
4927 14
4928 11
4929 6
4930 12
4931 12
4932 9
4933 11
4934 8
4935 11
4936 11
4937 13
4938 10
4939 12
4940 9
4941 17
4942 14
4943 11
4944 13
4945 12
4946 14
4947 13
4948 9
4949 9
4950 9
4951 11
4952 11
4953 8
4954 17
4955 12
4956 15
4957 10
4958 8
4959 11
4960 13
4961 11
4962 9
4963 9
4964 12
4965 14
4966 11
4967 11
4968 13
4969 12
4970 10
4971 13
4972 11
4973 8
4974 6
4975 13
4976 13
4977 11
4978 9
4979 10
4980 14
4981 10
4982 9
4983 12
4984 12
4985 12
4986 16
4987 10
4988 13
4989 12
4990 11
4991 15
4992 10
4993 12
4994 9
4995 10
4996 6
4997 11
4998 15
4999 10
5000 9
