0 101
1 8
2 10
3 9
4 10
5 8
6 12
7 13
8 12
9 11
10 13
11 11
12 7
13 12
14 16
15 11
16 9
17 17
18 12
19 11
20 13
21 15
22 11
23 8
24 11
25 17
26 14
27 19
28 14
29 10
30 14
31 12
32 14
33 11
34 17
35 13
36 11
37 9
38 14
39 9
40 13
41 14
42 14
43 13
44 9
45 15
46 16
47 6
48 11
49 14
50 11
51 12
52 8
53 16
54 11
55 13
56 15
57 14
58 15
59 14
60 12
61 13
62 9
63 15
64 11
65 9
66 11
67 11
68 13
69 16
70 15
71 12
72 17
73 10
74 13
75 11
76 15
77 11
78 13
79 14
80 13
81 12
82 9
83 12
84 13
85 11
86 12
87 11
88 11
89 12
90 12
91 13
92 10
93 15
94 13
95 15
96 14
97 14
98 13
99 13
100 13
101 13
102 11
103 14
104 11
105 13
106 12
107 14
108 8
109 15
110 12
111 11
112 9
113 16
114 11
115 12
116 15
117 9
118 10
119 11
120 9
121 13
122 13
123 11
124 12
125 8
126 14
127 11
128 10
129 12
130 14
131 13
132 12
133 11
134 7
135 8
136 12
137 8
138 9
139 14
140 12
141 14
142 11
143 8
144 15
145 11
146 11
147 11
148 13
149 14
150 14
151 14
152 11
153 10
154 15
155 13
156 11
157 10
158 11
159 13
160 15
161 10
162 12
163 11
164 15
165 10
166 15
167 12
168 13
169 12
170 9
171 9
172 15
173 10
174 12
175 13
176 13
177 12
178 15
179 13
180 10
181 10
182 12
183 9
184 14
185 11
186 9
187 12
188 10
189 14
190 11
191 9
192 10
193 15
194 14
195 14
196 13
197 15
198 11
199 11
200 16
201 11
202 14
203 8
204 12
205 12
206 13
207 10
208 12
209 13
210 12
211 11
212 15
213 10
214 11
215 10
216 11
217 11
218 8
219 12
220 15
221 12
222 15
223 14
224 10
225 11
226 12
227 12
228 11
229 11
230 10
231 15
232 11
233 15
234 14
235 8
236 8
237 12
238 10
239 11
240 11
241 11
242 12
243 12
244 12
245 15
246 16
247 14
248 14
249 14
250 13
251 17
252 12
253 11
254 11
255 12
256 14
257 11
258 13
259 10
260 11
261 13
262 11
263 15
264 14
265 12
266 10
267 12
268 14
269 11
270 12
271 9
272 12
273 13
274 10
275 12
276 14
277 15
278 10
279 10
280 11
281 6
282 14
283 8
284 13
285 9
286 16
287 12
288 13
289 9
290 16
291 16
292 11
293 11
294 11
295 10
296 11
297 8
298 8
299 10
300 13
301 14
302 9
303 15
304 14
305 8
306 10
307 9
308 8
309 11
310 9
311 10
312 13
313 11
314 10
315 8
316 7
317 10
318 14
319 13
320 14
321 11
322 13
323 9
324 7
325 10
326 4
327 12
328 12
329 14
330 12
331 10
332 10
333 9
334 18
335 10
336 17
337 11
338 8
339 13
340 12
341 14
342 12
343 13
344 13
345 9
346 15
347 11
348 9
349 10
350 9
351 12
352 10
353 11
354 10
355 13
356 10
357 11
358 11
359 14
360 8
361 16
362 9
363 14
364 11
365 10
366 10
367 14
368 13
369 13
370 11
371 11
372 13
373 14
374 12
375 14
376 12
377 13
378 11
379 12
380 12
381 12
382 12
383 12
384 11
385 11
386 12
387 14
388 12
389 15
390 8
391 14
392 7
393 12
394 10
395 15
396 10
397 12
398 13
399 11
400 11
401 6
402 18
403 11
404 15
405 14
406 10
407 11
408 11
409 13
410 6
411 14
412 10
413 9
414 14
415 10
416 11
417 15
418 12
419 10
420 13
421 12
422 10
423 13
424 13
425 9
426 11
427 9
428 12
429 11
430 10
431 18
432 12
433 9
434 15
435 8
436 13
437 12
438 14
439 10
440 11
441 9
442 12
443 14
444 13
445 9
446 12
447 10
448 10
449 14
450 11
451 10
452 12
453 16
454 12
455 15
456 12
457 14
458 12
459 12
460 12
461 11
462 14
463 13
464 15
465 15
466 12
467 11
468 12
469 11
470 14
471 14
472 9
473 9
474 11
475 14
476 13
477 11
478 10
479 14
480 12
481 11
482 16
483 11
484 13
485 10
486 10
487 12
488 16
489 11
490 14
491 8
492 13
493 9
494 8
495 14
496 16
497 14
498 13
499 13
500 13
501 11
502 12
503 13
504 10
505 12
506 12
507 11
508 8
509 11
510 8
511 13
512 12
513 10
514 8
515 14
516 11
517 12
518 12
519 13
520 8
521 11
522 15
523 14
524 11
525 14
526 12
527 10
528 16
529 8
530 10
531 16
532 12
533 13
534 15
535 12
536 11
537 11
538 12
539 11
540 10
541 11
542 13
543 14
544 11
545 11
546 11
547 11
548 13
549 10
550 12
551 16
552 8
553 15
554 15
555 13
556 13
557 11
558 12
559 12
560 14
561 11
562 13
563 15
564 12
565 14
566 11
567 10
568 9
569 13
570 13
571 8
572 13
573 14
574 9
575 14
576 16
577 10
578 14
579 11
580 18
581 12
582 9
583 13
584 9
585 16
586 10
587 8
588 9
589 12
590 13
591 10
592 8
593 10
594 13
595 10
596 10
597 14
598 13
599 12
600 13
601 15
602 11
603 13
604 14
605 15
606 12
607 13
608 12
609 13
610 17
611 7
612 10
613 9
614 9
615 8
616 15
617 7
618 14
619 11
620 12
621 10
622 10
623 14
624 11
625 14
626 16
627 10
628 15
629 11
630 15
631 9
632 17
633 11
634 12
635 15
636 12
637 12
638 10
639 13
640 16
641 11
642 14
643 9
644 11
645 10
646 12
647 14
648 15
649 10
650 11
651 12
652 13
653 10
654 14
655 10
656 12
657 14
658 12
659 12
660 6
661 13
662 11
663 12
664 11
665 14
666 9
667 9
668 10
669 7
670 10
671 15
672 13
673 8
674 8
675 12
676 11
677 9
678 9
679 13
680 13
681 11
682 12
683 13
684 15
685 12
686 13
687 16
688 13
689 12
690 12
691 10
692 13
693 15
694 11
695 7
696 12
697 14
698 10
699 15
700 12
701 12
702 11
703 10
704 6
705 14
706 12
707 10
708 7
709 10
710 15
711 13
712 10
713 14
714 12
715 14
716 11
717 14
718 14
719 15
720 13
721 11
722 9
723 12
724 9
725 12
726 11
727 11
728 10
729 5
730 14
731 14
732 13
733 8
734 10
735 17
736 8
737 10
738 8
739 16
740 15
741 10
742 11
743 11
744 12
745 10
746 9
747 11
748 13
749 11
750 14
751 13
752 17
753 13
754 14
755 10
756 16
757 10
758 8
759 8
760 12
761 10
762 13
763 15
764 11
765 14
766 17
767 16
768 11
769 11
770 14
771 12
772 6
773 13
774 8
775 10
776 8
777 12
778 12
779 13
780 12
781 12
782 13
783 10
784 13
785 8
786 13
787 13
788 8
789 12
790 12
791 7
792 9
793 12
794 9
795 10
796 14
797 16
798 14
799 13
800 15
801 11
802 16
803 11
804 11
805 11
806 14
807 12
808 13
809 11
810 16
811 13
812 13
813 15
814 11
815 9
816 12
817 10
818 10
819 9
820 13
821 14
822 6
823 11
824 11
825 10
826 11
827 13
828 13
829 9
830 15
831 17
832 14
833 13
834 6
835 12
836 6
837 13
838 9
839 16
840 13
841 10
842 14
843 13
844 14
845 12
846 13
847 15
848 8
849 14
850 13
851 12
852 12
853 15
854 11
855 12
856 10
857 10
858 10
859 9
860 13
861 13
862 10
863 6
864 10
865 11
866 12
867 14
868 10
869 12
870 12
871 15
872 12
873 15
874 12
875 10
876 12
877 11
878 10
879 12
880 11
881 12
882 12
883 14
884 14
885 11
886 12
887 11
888 15
889 13
890 16
891 10
892 11
893 10
894 13
895 14
896 10
897 12
898 13
899 10
900 10
901 13
902 15
903 9
904 12
905 12
906 13
907 11
908 10
909 11
910 14
911 12
912 8
913 10
914 9
915 14
916 15
917 10
918 9
919 7
920 10
921 14
922 11
923 9
924 10
925 13
926 11
927 11
928 12
929 12
930 12
931 14
932 11
933 15
934 9
935 9
936 10
937 11
938 9
939 13
940 10
941 9
942 9
943 15
944 14
945 13
946 12
947 13
948 12
949 12
950 15
951 13
952 10
953 12
954 14
955 16
956 12
957 16
958 11
959 10
960 12
961 10
962 13
963 15
964 13
965 8
966 11
967 13
968 14
969 10
970 16
971 16
972 14
973 12
974 12
975 9
976 15
977 14
978 11
979 8
980 16
981 13
982 15
983 12
984 14
985 14
986 13
987 14
988 13
989 14
990 11
991 15
992 11
993 13
994 12
995 10
996 16
997 13
998 14
999 10
1000 13
1001 13
1002 12
1003 12
1004 8
1005 10
1006 12
1007 8
1008 10
1009 12
1010 12
1011 14
1012 12
1013 13
1014 10
1015 10
1016 8
1017 13
1018 12
1019 10
1020 14
1021 12
1022 11
1023 8
1024 12
1025 13
1026 12
1027 10
1028 12
1029 14
1030 13
1031 10
1032 12
1033 9
1034 7
1035 15
1036 13
1037 12
1038 14
1039 13
1040 12
1041 10
1042 8
1043 13
1044 12
1045 10
1046 11
1047 15
1048 11
1049 9
1050 12
1051 15
1052 10
1053 11
1054 13
1055 8
1056 11
1057 9
1058 13
1059 11
1060 10
1061 16
1062 11
1063 12
1064 9
1065 12
1066 12
1067 7
1068 14
1069 11
1070 11
1071 13
1072 13
1073 13
1074 14
1075 11
1076 10
1077 11
1078 12
1079 12
1080 13
1081 8
1082 7
1083 12
1084 11
1085 12
1086 12
1087 14
1088 9
1089 15
1090 14
1091 12
1092 12
1093 12
1094 11
1095 15
1096 14
1097 14
1098 14
1099 17
1100 12
1101 14
1102 14
1103 9
1104 9
1105 9
1106 11
1107 12
1108 9
1109 12
1110 11
1111 13
1112 6
1113 9
1114 12
1115 13
1116 10
1117 12
1118 13
1119 11
1120 9
1121 9
1122 15
1123 13
1124 10
1125 17
1126 14
1127 10
1128 10
1129 11
1130 13
1131 13
1132 11
1133 14
1134 10
1135 12
1136 12
1137 8
1138 11
1139 12
1140 12
1141 11
1142 12
1143 13
1144 12
1145 15
1146 12
1147 15
1148 14
1149 10
1150 13
1151 13
1152 9
1153 11
1154 13
1155 8
1156 11
1157 10
1158 11
1159 10
1160 11
1161 8
1162 11
1163 15
1164 10
1165 11
1166 10
1167 15
1168 16
1169 14
1170 7
1171 10
1172 10
1173 14
1174 13
1175 12
1176 9
1177 9
1178 15
1179 14
1180 9
1181 8
1182 14
1183 16
1184 16
1185 12
1186 9
1187 16
1188 15
1189 14
1190 12
1191 13
1192 12
1193 9
1194 10
1195 15
1196 10
1197 15
1198 15
1199 13
1200 9
1201 12
1202 13
1203 12
1204 12
1205 13
1206 13
1207 8
1208 11
1209 12
1210 11
1211 13
1212 9
1213 13
1214 13
1215 13
1216 15
1217 13
1218 12
1219 13
1220 14
1221 15
1222 13
1223 10
1224 13
1225 14
1226 15
1227 10
1228 9
1229 13
1230 16
1231 16
1232 15
1233 12
1234 10
1235 14
1236 15
1237 10
1238 16
1239 14
1240 10
1241 17
1242 13
1243 10
1244 12
1245 11
1246 16
1247 12
1248 11
1249 11
1250 9
1251 14
1252 8
1253 11
1254 16
1255 13
1256 12
1257 10
1258 11
1259 12
1260 13
1261 10
1262 11
1263 13
1264 15
1265 11
1266 14
1267 14
1268 13
1269 15
1270 11
1271 14
1272 12
1273 10
1274 10
1275 11
1276 7
1277 11
1278 11
1279 13
1280 13
1281 9
1282 9
1283 14
1284 13
1285 12
1286 12
1287 12
1288 11
1289 14
1290 15
1291 12
1292 17
1293 14
1294 11
1295 13
1296 16
1297 13
1298 9
1299 15
1300 14
1301 7
1302 13
1303 13
1304 14
1305 8
1306 10
1307 12
1308 9
1309 9
1310 14
1311 7
1312 12
1313 9
1314 11
1315 15
1316 12
1317 15
1318 14
1319 12
1320 12
1321 11
1322 13
1323 14
1324 10
1325 15
1326 12
1327 12
1328 10
1329 15
1330 12
1331 11
1332 12
1333 14
1334 15
1335 8
1336 8
1337 14
1338 10
1339 15
1340 12
1341 15
1342 13
1343 16
1344 13
1345 9
1346 13
1347 12
1348 14
1349 9
1350 10
1351 10
1352 12
1353 16
1354 12
1355 10
1356 12
1357 14
1358 10
1359 15
1360 12
1361 12
1362 10
1363 11
1364 9
1365 12
1366 10
1367 12
1368 10
1369 12
1370 8
1371 12
1372 13
1373 12
1374 15
1375 10
1376 10
1377 17
1378 12
1379 10
1380 8
1381 12
1382 10
1383 9
1384 13
1385 14
1386 11
1387 11
1388 11
1389 15
1390 11
1391 9
1392 14
1393 11
1394 17
1395 11
1396 10
1397 12
1398 14
1399 10
1400 9
1401 10
1402 8
1403 11
1404 8
1405 9
1406 14
1407 16
1408 12
1409 17
1410 10
1411 11
1412 11
1413 11
1414 11
1415 13
1416 9
1417 11
1418 7
1419 14
1420 8
1421 14
1422 11
1423 15
1424 14
1425 9
1426 7
1427 9
1428 15
1429 13
1430 11
1431 13
1432 8
1433 14
1434 9
1435 12
1436 10
1437 12
1438 15
1439 8
1440 14
1441 13
1442 13
1443 9
1444 14
1445 11
1446 15
1447 11
1448 14
1449 10
1450 11
1451 12
1452 10
1453 10
1454 11
1455 9
1456 15
1457 12
1458 17
1459 8
1460 10
1461 8
1462 15
1463 13
1464 8
1465 10
1466 8
1467 11
1468 11
1469 11
1470 5
1471 10
1472 12
1473 9
1474 17
1475 12
1476 14
1477 14
1478 11
1479 10
1480 13
1481 14
1482 12
1483 11
1484 15
1485 11
1486 10
1487 15
1488 9
1489 11
1490 12
1491 15
1492 11
1493 17
1494 13
1495 7
1496 11
1497 13
1498 13
1499 9
1500 12
1501 14
1502 15
1503 11
1504 12
1505 14
1506 16
1507 12
1508 13
1509 9
1510 15
1511 9
1512 15
1513 10
1514 13
1515 13
1516 15
1517 11
1518 10
1519 13
1520 9
1521 17
1522 11
1523 9
1524 10
1525 13
1526 8
1527 12
1528 11
1529 12
1530 13
1531 13
1532 10
1533 14
1534 11
1535 13
1536 14
1537 13
1538 16
1539 8
1540 11
1541 13
1542 11
1543 7
1544 12
1545 8
1546 15
1547 14
1548 13
1549 11
1550 13
1551 12
1552 16
1553 15
1554 12
1555 13
1556 14
1557 13
1558 14
1559 9
1560 11
1561 9
1562 13
1563 10
1564 14
1565 13
1566 7
1567 11
1568 12
1569 11
1570 15
1571 12
1572 12
1573 11
1574 11
1575 18
1576 13
1577 10
1578 13
1579 7
1580 10
1581 11
1582 11
1583 12
1584 7
1585 11
1586 13
1587 14
1588 12
1589 12
1590 13
1591 11
1592 14
1593 12
1594 12
1595 17
1596 11
1597 12
1598 9
1599 8
1600 15
1601 11
1602 14
1603 15
1604 14
1605 10
1606 10
1607 13
1608 14
1609 11
1610 17
1611 11
1612 9
1613 8
1614 11
1615 13
1616 13
1617 12
1618 8
1619 14
1620 12
1621 9
1622 12
1623 10
1624 11
1625 12
1626 13
1627 10
1628 14
1629 12
1630 9
1631 15
1632 10
1633 12
1634 17
1635 9
1636 13
1637 9
1638 11
1639 13
1640 10
1641 9
1642 12
1643 14
1644 13
1645 8
1646 16
1647 13
1648 16
1649 9
1650 13
1651 10
1652 14
1653 13
1654 13
1655 10
1656 13
1657 11
1658 14
1659 11
1660 9
1661 11
1662 12
1663 6
1664 14
1665 13
1666 10
1667 18
1668 11
1669 16
1670 14
1671 10
1672 11
1673 9
1674 14
1675 13
1676 12
1677 12
1678 12
1679 8
1680 7
1681 13
1682 12
1683 11
1684 10
1685 14
1686 10
1687 9
1688 9
1689 11
1690 11
1691 6
1692 13
1693 13
1694 14
1695 14
1696 13
1697 11
1698 8
1699 13
1700 14
1701 8
1702 13
1703 14
1704 14
1705 14
1706 13
1707 9
1708 11
1709 15
1710 9
1711 9
1712 15
1713 12
1714 10
1715 14
1716 10
1717 13
1718 9
1719 12
1720 11
1721 9
1722 11
1723 12
1724 13
1725 11
1726 18
1727 12
1728 12
1729 14
1730 10
1731 7
1732 17
1733 10
1734 13
1735 12
1736 12
1737 10
1738 8
1739 12
1740 8
1741 9
1742 13
1743 11
1744 9
1745 13
1746 14
1747 11
1748 11
1749 15
1750 11
1751 10
1752 11
1753 7
1754 8
1755 10
1756 11
1757 12
1758 11
1759 13
1760 9
1761 13
1762 12
1763 14
1764 10
1765 15
1766 9
1767 12
1768 13
1769 14
1770 12
1771 11
1772 13
1773 13
1774 9
1775 12
1776 13
1777 13
1778 12
1779 10
1780 13
1781 13
1782 11
1783 9
1784 9
1785 12
1786 9
1787 5
1788 13
1789 9
1790 13
1791 10
1792 11
1793 15
1794 14
1795 14
1796 12
1797 14
1798 12
1799 10
1800 13
1801 20
1802 11
1803 12
1804 6
1805 14
1806 10
1807 8
1808 11
1809 11
1810 10
1811 10
1812 9
1813 14
1814 11
1815 10
1816 12
1817 13
1818 11
1819 14
1820 10
1821 15
1822 13
1823 15
1824 11
1825 13
1826 11
1827 13
1828 10
1829 13
1830 15
1831 14
1832 12
1833 10
1834 14
1835 15
1836 9
1837 10
1838 9
1839 8
1840 7
1841 14
1842 11
1843 15
1844 12
1845 9
1846 15
1847 9
1848 14
1849 13
1850 18
1851 10
1852 13
1853 13
1854 13
1855 9
1856 17
1857 12
1858 12
1859 8
1860 11
1861 10
1862 12
1863 11
1864 12
1865 12
1866 10
1867 13
1868 15
1869 12
1870 12
1871 10
1872 12
1873 15
1874 12
1875 10
1876 13
1877 8
1878 12
1879 16
1880 10
1881 13
1882 15
1883 12
1884 11
1885 12
1886 11
1887 15
1888 15
1889 14
1890 13
1891 13
1892 13
1893 8
1894 14
1895 14
1896 11
1897 8
1898 8
1899 11
1900 14
1901 13
1902 10
1903 12
1904 10
1905 13
1906 13
1907 16
1908 6
1909 11
1910 11
1911 13
1912 11
1913 15
1914 16
1915 10
1916 16
1917 10
1918 7
1919 10
1920 16
1921 14
1922 13
1923 11
1924 13
1925 14
1926 11
1927 12
1928 14
1929 16
1930 9
1931 11
1932 10
1933 13
1934 14
1935 10
1936 15
1937 11
1938 14
1939 15
1940 15
1941 10
1942 9
1943 12
1944 11
1945 12
1946 14
1947 13
1948 12
1949 12
1950 11
1951 9
1952 11
1953 15
1954 11
1955 7
1956 14
1957 12
1958 15
1959 8
1960 10
1961 13
1962 13
1963 10
1964 15
1965 12
1966 12
1967 11
1968 13
1969 10
1970 12
1971 8
1972 11
1973 11
1974 12
1975 12
1976 9
1977 16
1978 13
1979 9
1980 10
1981 12
1982 12
1983 15
1984 11
1985 13
1986 7
1987 12
1988 10
1989 14
1990 10
1991 11
1992 11
1993 15
1994 13
1995 12
1996 9
1997 11
1998 11
1999 11
2000 12
2001 12
2002 9
2003 15
2004 12
2005 10
2006 14
2007 14
2008 10
2009 13
2010 13
2011 11
2012 11
2013 9
2014 7
2015 10
2016 10
2017 11
2018 14
2019 12
2020 8
2021 9
2022 13
2023 14
2024 6
2025 11
2026 13
2027 11
2028 11
2029 12
2030 12
2031 14
2032 9
2033 14
2034 16
2035 10
2036 13
2037 12
2038 12
2039 13
2040 11
2041 11
2042 12
2043 11
2044 11
2045 10
2046 10
2047 15
2048 12
2049 14
2050 9
2051 11
2052 16
2053 12
2054 15
2055 12
2056 15
2057 10
2058 15
2059 11
2060 12
2061 11
2062 13
2063 11
2064 7
2065 12
2066 11
2067 13
2068 12
2069 15
2070 9
2071 12
2072 9
2073 10
2074 11
2075 12
2076 11
2077 12
2078 12
2079 11
2080 12
2081 11
2082 9
2083 9
2084 12
2085 10
2086 12
2087 12
2088 16
2089 11
2090 16
2091 12
2092 15
2093 10
2094 15
2095 12
2096 11
2097 14
2098 9
2099 8
2100 12
2101 9
2102 13
2103 14
2104 11
2105 14
2106 10
2107 8
2108 14
2109 10
2110 12
2111 7
2112 14
2113 8
2114 10
2115 11
2116 11
2117 10
2118 13
2119 10
2120 9
2121 11
2122 13
2123 10
2124 11
2125 6
2126 12
2127 9
2128 15
2129 13
2130 12
2131 10
2132 14
2133 12
2134 13
2135 13
2136 10
2137 8
2138 10
2139 15
2140 10
2141 14
2142 11
2143 14
2144 14
2145 10
2146 12
2147 12
2148 15
2149 11
2150 13
2151 12
2152 7
2153 14
2154 10
2155 15
2156 10
2157 9
2158 15
2159 13
2160 14
2161 7
2162 15
2163 9
2164 13
2165 11
2166 12
2167 15
2168 15
2169 12
2170 14
2171 10
2172 11
2173 12
2174 12
2175 12
2176 12
2177 12
2178 13
2179 13
2180 8
2181 13
2182 14
2183 10
2184 13
2185 11
2186 7
2187 9
2188 13
2189 9
2190 13
2191 12
2192 12
2193 10
2194 13
2195 13
2196 13
2197 13
2198 11
2199 12
2200 9
2201 12
2202 12
2203 15
2204 12
2205 12
2206 17
2207 14
2208 13
2209 10
2210 13
2211 13
2212 12
2213 14
2214 14
2215 12
2216 11
2217 13
2218 12
2219 13
2220 15
2221 13
2222 11
2223 5
2224 13
2225 10
2226 10
2227 12
2228 11
2229 11
2230 8
2231 12
2232 14
2233 14
2234 10
2235 15
2236 12
2237 10
2238 12
2239 15
2240 13
2241 15
2242 12
2243 15
2244 10
2245 9
2246 10
2247 12
2248 15
2249 14
2250 12
2251 9
2252 8
2253 15
2254 14
2255 12
2256 10
2257 10
2258 10
2259 12
2260 12
2261 12
2262 10
2263 12
2264 12
2265 12
2266 13
2267 13
2268 9
2269 13
2270 12
2271 15
2272 14
2273 11
2274 15
2275 16
2276 11
2277 16
2278 13
2279 11
2280 13
2281 11
2282 12
2283 13
2284 14
2285 13
2286 12
2287 15
2288 17
2289 11
2290 8
2291 17
2292 13
2293 13
2294 7
2295 15
2296 10
2297 17
2298 9
2299 15
2300 12
2301 14
2302 8
2303 9
2304 12
2305 11
2306 10
2307 15
2308 13
2309 10
2310 10
2311 13
2312 15
2313 15
2314 9
2315 15
2316 13
2317 10
2318 12
2319 9
2320 9
2321 12
2322 12
2323 9
2324 12
2325 12
2326 7
2327 12
2328 10
2329 8
2330 12
2331 16
2332 9
2333 14
2334 15
2335 14
2336 10
2337 13
2338 17
2339 11
2340 12
2341 11
2342 10
2343 14
2344 7
2345 12
2346 14
2347 13
2348 16
2349 11
2350 13
2351 15
2352 10
2353 11
2354 13
2355 12
2356 13
2357 10
2358 10
2359 12
2360 8
2361 13
2362 13
2363 11
2364 10
2365 10
2366 11
2367 12
2368 12
2369 15
2370 12
2371 10
2372 10
2373 11
2374 13
2375 12
2376 8
2377 9
2378 13
2379 12
2380 11
2381 11
2382 10
2383 13
2384 15
2385 14
2386 12
2387 10
2388 10
2389 10
2390 11
2391 8
2392 13
2393 9
2394 12
2395 8
2396 12
2397 13
2398 10
2399 11
2400 10
2401 11
2402 15
2403 11
2404 9
2405 13
2406 12
2407 11
2408 15
2409 8
2410 11
2411 11
2412 16
2413 13
2414 14
2415 12
2416 9
2417 10
2418 10
2419 13
2420 8
2421 11
2422 9
2423 16
2424 14
2425 13
2426 8
2427 13
2428 9
2429 11
2430 7
2431 14
2432 14
2433 14
2434 12
2435 10
2436 12
2437 12
2438 11
2439 13
2440 12
2441 12
2442 12
2443 14
2444 15
2445 14
2446 4
2447 11
2448 8
2449 10
2450 10
2451 10
2452 11
2453 11
2454 14
2455 14
2456 14
2457 14
2458 15
2459 14
2460 16
2461 12
2462 12
2463 13
2464 13
2465 13
2466 14
2467 10
2468 8
2469 15
2470 10
2471 14
2472 15
2473 11
2474 12
2475 10
2476 13
2477 12
2478 13
2479 10
2480 11
2481 11
2482 14
2483 14
2484 9
2485 9
2486 8
2487 14
2488 12
2489 11
2490 13
2491 10
2492 13
2493 14
2494 17
2495 12
2496 13
2497 14
2498 15
2499 13
2500 9
2501 14
2502 14
2503 13
2504 15
2505 8
2506 12
2507 12
2508 18
2509 10
2510 15
2511 15
2512 9
2513 11
2514 14
2515 7
2516 9
2517 12
2518 11
2519 9
2520 17
2521 10
2522 15
2523 15
2524 18
2525 13
2526 9
2527 12
2528 12
2529 9
2530 13
2531 11
2532 16
2533 16
2534 13
2535 12
2536 11
2537 13
2538 11
2539 16
2540 14
2541 10
2542 9
2543 13
2544 9
2545 10
2546 8
2547 7
2548 14
2549 9
2550 10
2551 11
2552 14
2553 12
2554 12
2555 12
2556 17
2557 10
2558 13
2559 14
2560 15
2561 12
2562 12
2563 13
2564 12
2565 8
2566 11
2567 13
2568 10
2569 15
2570 12
2571 13
2572 15
2573 13
2574 12
2575 15
2576 11
2577 12
2578 7
2579 8
2580 13
2581 12
2582 18
2583 8
2584 14
2585 10
2586 11
2587 13
2588 14
2589 8
2590 10
2591 12
2592 9
2593 11
2594 13
2595 16
2596 9
2597 10
2598 12
2599 11
2600 9
2601 11
2602 12
2603 14
2604 13
2605 12
2606 13
2607 13
2608 13
2609 12
2610 16
2611 15
2612 12
2613 12
2614 9
2615 7
2616 15
2617 12
2618 9
2619 11
2620 10
2621 17
2622 11
2623 9
2624 8
2625 17
2626 13
2627 13
2628 10
2629 13
2630 9
2631 12
2632 12
2633 11
2634 14
2635 13
2636 13
2637 9
2638 17
2639 9
2640 11
2641 17
2642 11
2643 14
2644 14
2645 12
2646 10
2647 9
2648 13
2649 11
2650 9
2651 11
2652 12
2653 10
2654 13
2655 13
2656 12
2657 10
2658 12
2659 11
2660 11
2661 13
2662 10
2663 11
2664 15
2665 14
2666 17
2667 14
2668 8
2669 12
2670 12
2671 8
2672 10
2673 10
2674 13
2675 13
2676 10
2677 10
2678 15
2679 13
2680 10
2681 13
2682 11
2683 11
2684 13
2685 11
2686 10
2687 13
2688 13
2689 9
2690 10
2691 10
2692 12
2693 12
2694 10
2695 12
2696 7
2697 8
2698 9
2699 13
2700 12
2701 12
2702 10
2703 10
2704 11
2705 12
2706 13
2707 11
2708 11
2709 12
2710 11
2711 12
2712 10
2713 13
2714 12
2715 11
2716 14
2717 11
2718 12
2719 11
2720 8
2721 10
2722 13
2723 13
2724 12
2725 6
2726 11
2727 8
2728 14
2729 10
2730 8
2731 10
2732 13
2733 16
2734 9
2735 10
2736 14
2737 7
2738 13
2739 11
2740 9
2741 12
2742 18
2743 9
2744 12
2745 15
2746 14
2747 14
2748 8
2749 11
2750 14
2751 14
2752 14
2753 12
2754 17
2755 13
2756 11
2757 13
2758 15
2759 13
2760 12
2761 11
2762 13
2763 13
2764 16
2765 13
2766 15
2767 14
2768 10
2769 7
2770 10
2771 14
2772 10
2773 11
2774 11
2775 12
2776 13
2777 7
2778 11
2779 11
2780 12
2781 14
2782 8
2783 11
2784 6
2785 14
2786 14
2787 10
2788 11
2789 15
2790 12
2791 10
2792 14
2793 6
2794 10
2795 14
2796 8
2797 8
2798 16
2799 15
2800 8
2801 9
2802 7
2803 9
2804 12
2805 15
2806 10
2807 12
2808 10
2809 11
2810 14
2811 12
2812 13
2813 13
2814 10
2815 10
2816 10
2817 10
2818 11
2819 14
2820 11
2821 15
2822 14
2823 12
2824 14
2825 9
2826 14
2827 8
2828 15
2829 9
2830 12
2831 11
2832 6
2833 12
2834 12
2835 13
2836 15
2837 11
2838 15
2839 9
2840 12
2841 11
2842 9
2843 14
2844 13
2845 11
2846 13
2847 14
2848 10
2849 12
2850 14
2851 11
2852 14
2853 12
2854 10
2855 13
2856 9
2857 13
2858 13
2859 15
2860 13
2861 15
2862 13
2863 10
2864 17
2865 11
2866 12
2867 12
2868 9
2869 11
2870 11
2871 10
2872 14
2873 15
2874 12
2875 10
2876 8
2877 9
2878 11
2879 14
2880 9
2881 11
2882 9
2883 13
2884 12
2885 11
2886 12
2887 13
2888 9
2889 10
2890 13
2891 12
2892 13
2893 13
2894 12
2895 12
2896 11
2897 10
2898 10
2899 13
2900 11
2901 12
2902 13
2903 9
2904 10
2905 11
2906 13
2907 10
2908 11
2909 15
2910 8
2911 13
2912 11
2913 11
2914 14
2915 9
2916 13
2917 13
2918 9
2919 10
2920 12
2921 9
2922 10
2923 13
2924 9
2925 12
2926 8
2927 13
2928 10
2929 8
2930 15
2931 15
2932 11
2933 10
2934 12
2935 13
2936 14
2937 8
2938 11
2939 8
2940 15
2941 11
2942 14
2943 13
2944 10
2945 11
2946 10
2947 14
2948 10
2949 15
2950 11
2951 12
2952 14
2953 18
2954 10
2955 12
2956 11
2957 14
2958 10
2959 11
2960 12
2961 11
2962 13
2963 11
2964 16
2965 6
2966 14
2967 15
2968 16
2969 13
2970 13
2971 14
2972 10
2973 9
2974 12
2975 14
2976 12
2977 8
2978 14
2979 11
2980 12
2981 14
2982 8
2983 13
2984 9
2985 13
2986 17
2987 7
2988 16
2989 12
2990 14
2991 11
2992 14
2993 15
2994 13
2995 13
2996 9
2997 13
2998 12
2999 13
3000 15
3001 11
3002 10
3003 12
3004 11
3005 12
3006 7
3007 18
3008 13
3009 12
3010 12
3011 15
3012 12
3013 12
3014 11
3015 12
3016 11
3017 13
3018 12
3019 10
3020 11
3021 10
3022 15
3023 12
3024 12
3025 11
3026 12
3027 12
3028 15
3029 12
3030 15
3031 13
3032 8
3033 10
3034 8
3035 13
3036 13
3037 12
3038 7
3039 12
3040 12
3041 13
3042 15
3043 13
3044 12
3045 11
3046 9
3047 10
3048 13
3049 9
3050 10
3051 11
3052 14
3053 11
3054 12
3055 14
3056 17
3057 12
3058 13
3059 12
3060 17
3061 9
3062 15
3063 11
3064 11
3065 12
3066 10
3067 11
3068 13
3069 11
3070 10
3071 10
3072 10
3073 14
3074 13
3075 12
3076 13
3077 9
3078 8
3079 14
3080 15
3081 12
3082 11
3083 11
3084 9
3085 10
3086 12
3087 12
3088 8
3089 12
3090 11
3091 12
3092 10
3093 11
3094 11
3095 10
3096 13
3097 13
3098 10
3099 13
3100 10
3101 8
3102 12
3103 15
3104 12
3105 14
3106 9
3107 11
3108 15
3109 12
3110 10
3111 7
3112 11
3113 12
3114 12
3115 10
3116 15
3117 11
3118 8
3119 12
3120 15
3121 14
3122 14
3123 10
3124 11
3125 11
3126 11
3127 12
3128 12
3129 10
3130 14
3131 11
3132 10
3133 12
3134 10
3135 12
3136 8
3137 15
3138 13
3139 13
3140 11
3141 12
3142 12
3143 14
3144 10
3145 11
3146 13
3147 13
3148 8
3149 11
3150 9
3151 12
3152 11
3153 11
3154 13
3155 8
3156 9
3157 9
3158 10
3159 13
3160 14
3161 11
3162 12
3163 11
3164 9
3165 10
3166 13
3167 10
3168 13
3169 13
3170 11
3171 12
3172 14
3173 13
3174 13
3175 9
3176 8
3177 15
3178 11
3179 13
3180 14
3181 16
3182 13
3183 9
3184 16
3185 14
3186 11
3187 11
3188 13
3189 13
3190 14
3191 10
3192 9
3193 18
3194 8
3195 13
3196 14
3197 11
3198 11
3199 12
3200 10
3201 12
3202 11
3203 15
3204 11
3205 8
3206 8
3207 14
3208 10
3209 10
3210 11
3211 10
3212 10
3213 13
3214 15
3215 11
3216 14
3217 12
3218 10
3219 15
3220 11
3221 10
3222 9
3223 12
3224 13
3225 13
3226 13
3227 11
3228 14
3229 12
3230 14
3231 18
3232 13
3233 12
3234 11
3235 11
3236 12
3237 11
3238 8
3239 14
3240 18
3241 10
3242 13
3243 12
3244 11
3245 16
3246 11
3247 8
3248 15
3249 14
3250 10
3251 11
3252 14
3253 13
3254 16
3255 10
3256 10
3257 13
3258 13
3259 15
3260 11
3261 9
3262 7
3263 13
3264 13
3265 9
3266 13
3267 11
3268 9
3269 10
3270 11
3271 12
3272 9
3273 11
3274 12
3275 10
3276 10
3277 14
3278 12
3279 13
3280 14
3281 14
3282 8
3283 16
3284 14
3285 13
3286 14
3287 13
3288 11
3289 13
3290 15
3291 12
3292 13
3293 12
3294 16
3295 12
3296 9
3297 16
3298 10
3299 12
3300 9
3301 8
3302 12
3303 9
3304 14
3305 9
3306 12
3307 12
3308 16
3309 11
3310 11
3311 12
3312 9
3313 10
3314 14
3315 8
3316 11
3317 10
3318 11
3319 12
3320 16
3321 11
3322 11
3323 16
3324 12
3325 10
3326 13
3327 14
3328 7
3329 14
3330 11
3331 9
3332 8
3333 11
3334 11
3335 14
3336 13
3337 11
3338 10
3339 12
3340 10
3341 12
3342 13
3343 10
3344 10
3345 13
3346 11
3347 12
3348 10
3349 13
3350 10
3351 12
3352 14
3353 12
3354 11
3355 11
3356 12
3357 6
3358 14
3359 12
3360 8
3361 13
3362 12
3363 13
3364 10
3365 12
3366 12
3367 9
3368 14
3369 9
3370 10
3371 14
3372 11
3373 12
3374 11
3375 8
3376 14
3377 13
3378 15
3379 12
3380 10
3381 10
3382 13
3383 9
3384 13
3385 16
3386 15
3387 14
3388 14
3389 9
3390 9
3391 16
3392 10
3393 14
3394 11
3395 11
3396 15
3397 12
3398 11
3399 12
3400 8
3401 12
3402 10
3403 15
3404 11
3405 10
3406 9
3407 14
3408 10
3409 10
3410 16
3411 14
3412 13
3413 11
3414 14
3415 10
3416 6
3417 10
3418 12
3419 10
3420 9
3421 13
3422 8
3423 8
3424 12
3425 11
3426 13
3427 10
3428 12
3429 13
3430 10
3431 14
3432 14
3433 15
3434 13
3435 11
3436 10
3437 11
3438 8
3439 11
3440 8
3441 10
3442 9
3443 11
3444 17
3445 12
3446 11
3447 12
3448 11
3449 10
3450 12
3451 9
3452 14
3453 9
3454 13
3455 13
3456 11
3457 10
3458 11
3459 12
3460 14
3461 11
3462 14
3463 17
3464 10
3465 11
3466 13
3467 16
3468 15
3469 15
3470 12
3471 10
3472 14
3473 13
3474 18
3475 12
3476 9
3477 13
3478 11
3479 10
3480 8
3481 6
3482 13
3483 11
3484 15
3485 6
3486 11
3487 13
3488 13
3489 15
3490 12
3491 10
3492 16
3493 11
3494 12
3495 15
3496 9
3497 11
3498 14
3499 15
3500 9
3501 8
3502 11
3503 13
3504 10
3505 14
3506 15
3507 9
3508 15
3509 13
3510 14
3511 12
3512 11
3513 15
3514 12
3515 15
3516 12
3517 12
3518 3
3519 12
3520 13
3521 9
3522 12
3523 7
3524 13
3525 10
3526 12
3527 10
3528 11
3529 11
3530 14
3531 9
3532 13
3533 14
3534 8
3535 13
3536 14
3537 7
3538 12
3539 14
3540 8
3541 11
3542 13
3543 13
3544 13
3545 11
3546 12
3547 11
3548 9
3549 12
3550 9
3551 8
3552 11
3553 15
3554 9
3555 8
3556 9
3557 14
3558 13
3559 10
3560 9
3561 14
3562 8
3563 14
3564 12
3565 13
3566 6
3567 12
3568 15
3569 13
3570 10
3571 15
3572 13
3573 9
3574 10
3575 12
3576 11
3577 13
3578 14
3579 13
3580 12
3581 16
3582 13
3583 9
3584 13
3585 11
3586 11
3587 13
3588 12
3589 9
3590 7
3591 13
3592 9
3593 10
3594 13
3595 15
3596 14
3597 8
3598 12
3599 13
3600 10
3601 16
3602 11
3603 14
3604 9
3605 13
3606 12
3607 14
3608 14
3609 12
3610 13
3611 9
3612 10
3613 13
3614 12
3615 12
3616 15
3617 14
3618 11
3619 14
3620 10
3621 10
3622 12
3623 13
3624 10
3625 12
3626 12
3627 10
3628 9
3629 8
3630 8
3631 11
3632 14
3633 9
3634 13
3635 14
3636 9
3637 13
3638 12
3639 9
3640 14
3641 18
3642 12
3643 13
3644 18
3645 11
3646 9
3647 14
3648 14
3649 11
3650 10
3651 13
3652 16
3653 11
3654 13
3655 8
3656 11
3657 13
3658 8
3659 8
3660 13
3661 14
3662 10
3663 12
3664 11
3665 15
3666 10
3667 14
3668 13
3669 10
3670 15
3671 10
3672 12
3673 14
3674 13
3675 10
3676 13
3677 17
3678 12
3679 12
3680 10
3681 10
3682 12
3683 13
3684 7
3685 14
3686 6
3687 16
3688 11
3689 12
3690 14
3691 13
3692 10
3693 10
3694 10
3695 13
3696 11
3697 13
3698 8
3699 10
3700 16
3701 15
3702 12
3703 13
3704 14
3705 9
3706 12
3707 13
3708 15
3709 12
3710 13
3711 13
3712 15
3713 8
3714 10
3715 12
3716 10
3717 11
3718 7
3719 13
3720 15
3721 12
3722 9
3723 11
3724 10
3725 12
3726 9
3727 14
3728 11
3729 9
3730 12
3731 11
3732 16
3733 7
3734 10
3735 14
3736 15
3737 8
3738 13
3739 10
3740 14
3741 7
3742 11
3743 12
3744 10
3745 11
3746 9
3747 9
3748 12
3749 9
3750 11
3751 10
3752 11
3753 9
3754 12
3755 11
3756 13
3757 9
3758 11
3759 12
3760 14
3761 16
3762 11
3763 11
3764 13
3765 12
3766 14
3767 11
3768 10
3769 14
3770 9
3771 13
3772 14
3773 15
3774 11
3775 14
3776 14
3777 12
3778 11
3779 10
3780 14
3781 8
3782 16
3783 13
3784 12
3785 14
3786 13
3787 11
3788 10
3789 14
3790 12
3791 9
3792 13
3793 12
3794 14
3795 13
3796 12
3797 16
3798 11
3799 11
3800 16
3801 13
3802 13
3803 11
3804 8
3805 12
3806 13
3807 9
3808 12
3809 13
3810 14
3811 10
3812 11
3813 14
3814 14
3815 11
3816 9
3817 14
3818 6
3819 12
3820 16
3821 9
3822 12
3823 14
3824 10
3825 9
3826 10
3827 14
3828 7
3829 15
3830 7
3831 12
3832 9
3833 13
3834 13
3835 5
3836 8
3837 12
3838 10
3839 14
3840 10
3841 14
3842 13
3843 10
3844 14
3845 13
3846 12
3847 14
3848 16
3849 14
3850 13
3851 14
3852 12
3853 13
3854 14
3855 13
3856 14
3857 11
3858 14
3859 13
3860 11
3861 13
3862 13
3863 9
3864 11
3865 13
3866 12
3867 11
3868 11
3869 12
3870 10
3871 15
3872 13
3873 9
3874 16
3875 8
3876 9
3877 6
3878 11
3879 10
3880 14
3881 14
3882 14
3883 14
3884 9
3885 16
3886 8
3887 9
3888 10
3889 6
3890 11
3891 10
3892 10
3893 13
3894 9
3895 11
3896 13
3897 8
3898 13
3899 12
3900 9
3901 13
3902 12
3903 11
3904 6
3905 12
3906 12
3907 12
3908 12
3909 8
3910 16
3911 9
3912 18
3913 14
3914 9
3915 14
3916 14
3917 13
3918 14
3919 11
3920 9
3921 13
3922 11
3923 9
3924 15
3925 13
3926 10
3927 14
3928 12
3929 12
3930 10
3931 15
3932 9
3933 12
3934 12
3935 11
3936 9
3937 14
3938 9
3939 14
3940 13
3941 10
3942 12
3943 9
3944 12
3945 14
3946 12
3947 11
3948 12
3949 14
3950 10
3951 12
3952 11
3953 13
3954 16
3955 12
3956 12
3957 10
3958 17
3959 10
3960 8
3961 11
3962 11
3963 14
3964 14
3965 13
3966 16
3967 9
3968 6
3969 12
3970 12
3971 10
3972 11
3973 14
3974 11
3975 11
3976 15
3977 15
3978 13
3979 11
3980 12
3981 12
3982 12
3983 13
3984 10
3985 14
3986 12
3987 14
3988 11
3989 12
3990 14
3991 12
3992 8
3993 8
3994 13
3995 16
3996 12
3997 9
3998 13
3999 14
4000 10
4001 8
4002 12
4003 11
4004 13
4005 15
4006 13
4007 14
4008 13
4009 13
4010 10
4011 10
4012 12
4013 11
4014 13
4015 13
4016 10
4017 10
4018 11
4019 9
4020 9
4021 16
4022 13
4023 12
4024 10
4025 11
4026 10
4027 11
4028 12
4029 12
4030 11
4031 13
4032 13
4033 11
4034 12
4035 8
4036 12
4037 9
4038 10
4039 11
4040 10
4041 13
4042 11
4043 11
4044 16
4045 13
4046 12
4047 14
4048 12
4049 10
4050 10
4051 15
4052 10
4053 13
4054 14
4055 12
4056 11
4057 14
4058 9
4059 12
4060 16
4061 11
4062 13
4063 12
4064 13
4065 14
4066 11
4067 14
4068 13
4069 11
4070 16
4071 15
4072 10
4073 14
4074 10
4075 12
4076 10
4077 10
4078 13
4079 15
4080 9
4081 19
4082 12
4083 15
4084 14
4085 12
4086 17
4087 12
4088 13
4089 14
4090 10
4091 13
4092 14
4093 13
4094 14
4095 18
4096 10
4097 13
4098 12
4099 13
4100 10
4101 10
4102 14
4103 15
4104 12
4105 8
4106 11
4107 9
4108 11
4109 15
4110 10
4111 11
4112 11
4113 12
4114 13
4115 12
4116 10
4117 13
4118 13
4119 11
4120 9
4121 16
4122 11
4123 6
4124 7
4125 11
4126 8
4127 12
4128 15
4129 12
4130 6
4131 7
4132 16
4133 14
4134 17
4135 15
4136 9
4137 16
4138 10
4139 13
4140 10
4141 11
4142 13
4143 12
4144 12
4145 15
4146 10
4147 13
4148 15
4149 13
4150 13
4151 16
4152 12
4153 9
4154 14
4155 16
4156 9
4157 10
4158 12
4159 10
4160 11
4161 13
4162 6
4163 10
4164 13
4165 9
4166 10
4167 11
4168 9
4169 11
4170 14
4171 13
4172 14
4173 9
4174 13
4175 13
4176 11
4177 7
4178 12
4179 13
4180 10
4181 13
4182 12
4183 9
4184 11
4185 12
4186 12
4187 9
4188 12
4189 12
4190 13
4191 13
4192 10
4193 9
4194 13
4195 13
4196 7
4197 11
4198 12
4199 8
4200 14
4201 11
4202 13
4203 10
4204 15
4205 12
4206 17
4207 10
4208 7
4209 10
4210 14
4211 10
4212 12
4213 8
4214 14
4215 10
4216 9
4217 10
4218 13
4219 8
4220 14
4221 12
4222 10
4223 12
4224 17
4225 14
4226 8
4227 10
4228 16
4229 12
4230 12
4231 14
4232 13
4233 14
4234 12
4235 10
4236 7
4237 14
4238 14
4239 12
4240 11
4241 12
4242 16
4243 18
4244 9
4245 12
4246 16
4247 15
4248 13
4249 13
4250 15
4251 15
4252 6
4253 12
4254 17
4255 14
4256 14
4257 14
4258 10
4259 11
4260 11
4261 13
4262 15
4263 13
4264 13
4265 15
4266 13
4267 11
4268 12
4269 12
4270 11
4271 12
4272 11
4273 8
4274 15
4275 11
4276 10
4277 12
4278 10
4279 11
4280 10
4281 9
4282 10
4283 10
4284 11
4285 12
4286 11
4287 15
4288 16
4289 10
4290 10
4291 12
4292 9
4293 13
4294 8
4295 14
4296 7
4297 14
4298 12
4299 11
4300 10
4301 11
4302 12
4303 11
4304 12
4305 13
4306 11
4307 12
4308 12
4309 15
4310 12
4311 12
4312 11
4313 14
4314 9
4315 13
4316 12
4317 8
4318 12
4319 8
4320 13
4321 12
4322 10
4323 10
4324 11
4325 13
4326 15
4327 15
4328 8
4329 13
4330 14
4331 10
4332 8
4333 12
4334 8
4335 11
4336 8
4337 12
4338 8
4339 14
4340 9
4341 14
4342 8
4343 12
4344 10
4345 8
4346 12
4347 14
4348 10
4349 11
4350 7
4351 12
4352 10
4353 11
4354 12
4355 11
4356 12
4357 13
4358 15
4359 13
4360 12
4361 8
4362 12
4363 11
4364 12
4365 13
4366 12
4367 13
4368 10
4369 14
4370 13
4371 9
4372 13
4373 12
4374 12
4375 10
4376 13
4377 14
4378 22
4379 10
4380 9
4381 15
4382 11
4383 14
4384 11
4385 9
4386 11
4387 12
4388 10
4389 15
4390 8
4391 13
4392 16
4393 15
4394 11
4395 15
4396 12
4397 14
4398 14
4399 12
4400 15
4401 15
4402 13
4403 14
4404 15
4405 9
4406 15
4407 10
4408 15
4409 13
4410 16
4411 12
4412 14
4413 15
4414 12
4415 13
4416 18
4417 14
4418 13
4419 15
4420 12
4421 14
4422 10
4423 10
4424 10
4425 10
4426 13
4427 8
4428 15
4429 13
4430 9
4431 15
4432 15
4433 14
4434 12
4435 11
4436 14
4437 13
4438 15
4439 8
4440 11
4441 10
4442 12
4443 12
4444 10
4445 13
4446 12
4447 13
4448 12
4449 11
4450 8
4451 10
4452 11
4453 14
4454 11
4455 8
4456 13
4457 16
4458 13
4459 12
4460 11
4461 9
4462 13
4463 15
4464 13
4465 16
4466 14
4467 11
4468 12
4469 11
4470 10
4471 11
4472 12
4473 11
4474 10
4475 10
4476 13
4477 14
4478 7
4479 14
4480 14
4481 14
4482 14
4483 11
4484 10
4485 12
4486 12
4487 8
4488 14
4489 12
4490 14
4491 13
4492 14
4493 15
4494 11
4495 10
4496 6
4497 13
4498 13
4499 13
4500 9
4501 13
4502 13
4503 14
4504 12
4505 14
4506 9
4507 10
4508 12
4509 15
4510 8
4511 12
4512 13
4513 12
4514 16
4515 12
4516 13
4517 12
4518 13
4519 16
4520 12
4521 13
4522 11
4523 10
4524 13
4525 9
4526 11
4527 12
4528 12
4529 16
4530 10
4531 12
4532 14
4533 11
4534 12
4535 14
4536 12
4537 7
4538 12
4539 13
4540 13
4541 12
4542 11
4543 13
4544 11
4545 11
4546 8
4547 15
4548 12
4549 10
4550 7
4551 10
4552 12
4553 15
4554 10
4555 14
4556 8
4557 12
4558 11
4559 10
4560 9
4561 10
4562 13
4563 12
4564 11
4565 15
4566 13
4567 12
4568 12
4569 8
4570 13
4571 10
4572 14
4573 13
4574 15
4575 14
4576 12
4577 11
4578 12
4579 12
4580 10
4581 11
4582 8
4583 8
4584 15
4585 12
4586 12
4587 11
4588 13
4589 11
4590 11
4591 9
4592 12
4593 8
4594 12
4595 9
4596 12
4597 13
4598 21
4599 8
4600 10
4601 13
4602 7
4603 14
4604 10
4605 12
4606 12
4607 7
4608 7
4609 11
4610 14
4611 12
4612 10
4613 15
4614 13
4615 13
4616 13
4617 13
4618 12
4619 15
4620 10
4621 16
4622 11
4623 11
4624 10
4625 10
4626 12
4627 10
4628 14
4629 14
4630 12
4631 10
4632 10
4633 14
4634 7
4635 6
4636 12
4637 9
4638 13
4639 12
4640 10
4641 15
4642 13
4643 13
4644 11
4645 13
4646 13
4647 14
4648 10
4649 8
4650 11
4651 9
4652 10
4653 10
4654 10
4655 11
4656 14
4657 12
4658 11
4659 12
4660 9
4661 10
4662 10
4663 16
4664 11
4665 13
4666 9
4667 11
4668 11
4669 13
4670 13
4671 10
4672 8
4673 10
4674 7
4675 11
4676 15
4677 13
4678 13
4679 12
4680 14
4681 10
4682 6
4683 13
4684 13
4685 10
4686 11
4687 12
4688 12
4689 11
4690 10
4691 10
4692 10
4693 11
4694 9
4695 14
4696 9
4697 12
4698 13
4699 7
4700 12
4701 16
4702 11
4703 15
4704 8
4705 12
4706 10
4707 11
4708 14
4709 12
4710 13
4711 10
4712 16
4713 10
4714 15
4715 13
4716 17
4717 14
4718 9
4719 12
4720 13
4721 15
4722 15
4723 14
4724 9
4725 12
4726 12
4727 10
4728 11
4729 15
4730 14
4731 6
4732 16
4733 12
4734 16
4735 15
4736 14
4737 15
4738 15
4739 12
4740 14
4741 15
4742 11
4743 11
4744 15
4745 11
4746 11
4747 12
4748 11
4749 12
4750 10
4751 9
4752 9
4753 17
4754 8
4755 12
4756 13
4757 10
4758 11
4759 13
4760 12
4761 12
4762 12
4763 11
4764 14
4765 12
4766 14
4767 12
4768 14
4769 13
4770 16
4771 11
4772 13
4773 11
4774 14
4775 12
4776 14
4777 8
4778 16
4779 11
4780 8
4781 19
4782 12
4783 9
4784 14
4785 10
4786 14
4787 9
4788 15
4789 14
4790 11
4791 8
4792 8
4793 9
4794 11
4795 11
4796 17
4797 12
4798 9
4799 13
4800 10
4801 14
4802 11
4803 9
4804 10
4805 12
4806 11
4807 13
4808 10
4809 13
4810 11
4811 15
4812 13
4813 11
4814 14
4815 13
4816 14
4817 9
4818 8
4819 14
4820 11
4821 12
4822 8
4823 18
4824 10
4825 15
4826 14
4827 12
4828 13
4829 12
4830 12
4831 12
4832 10
4833 8
4834 18
4835 12
4836 9
4837 10
4838 11
4839 12
4840 10
4841 12
4842 10
4843 11
4844 13
4845 15
4846 11
4847 10
4848 15
4849 13
4850 10
4851 12
4852 6
4853 12
4854 10
4855 13
4856 15
4857 8
4858 12
4859 11
4860 16
4861 12
4862 12
4863 14
4864 10
4865 10
4866 16
4867 12
4868 9
4869 13
4870 11
4871 12
4872 12
4873 14
4874 9
4875 10
4876 9
4877 12
4878 10
4879 15
4880 9
4881 9
4882 11
4883 14
4884 14
4885 14
4886 17
4887 9
4888 14
4889 12
4890 13
4891 12
4892 14
4893 11
4894 12
4895 14
4896 11
4897 15
4898 9
4899 12
4900 13
4901 12
4902 10
4903 13
4904 10
4905 15
4906 12
4907 12
4908 11
4909 14
4910 14
4911 16
4912 11
4913 11
4914 13
4915 12
4916 9
4917 12
4918 13
4919 13
4920 14
4921 12
4922 13
4923 14
4924 10
4925 8
4926 12
4927 13
4928 11
4929 11
4930 9
4931 14
4932 13
4933 17
4934 10
4935 13
4936 8
4937 11
4938 13
4939 10
4940 13
4941 17
4942 10
4943 12
4944 14
4945 13
4946 16
4947 9
4948 11
4949 11
4950 12
4951 13
4952 12
4953 12
4954 13
4955 16
4956 9
4957 15
4958 12
4959 10
4960 10
4961 10
4962 12
4963 13
4964 11
4965 15
4966 12
4967 11
4968 14
4969 12
4970 13
4971 13
4972 10
4973 13
4974 10
4975 10
4976 8
4977 15
4978 14
4979 15
4980 13
4981 16
4982 8
4983 12
4984 9
4985 14
4986 14
4987 10
4988 9
4989 10
4990 12
4991 16
4992 13
4993 12
4994 11
4995 15
4996 15
4997 11
4998 12
4999 10
5000 14
