0 94
1 12
2 13
3 12
4 12
5 14
6 10
7 9
8 12
9 11
10 12
11 11
12 12
13 9
14 10
15 10
16 10
17 9
18 14
19 12
20 14
21 12
22 11
23 12
24 13
25 14
26 10
27 15
28 11
29 13
30 10
31 8
32 12
33 8
34 12
35 10
36 14
37 15
38 12
39 15
40 12
41 11
42 15
43 9
44 10
45 10
46 11
47 8
48 11
49 13
50 11
51 16
52 13
53 11
54 13
55 11
56 10
57 11
58 10
59 11
60 12
61 10
62 12
63 8
64 9
65 13
66 11
67 12
68 13
69 14
70 12
71 13
72 8
73 11
74 12
75 12
76 12
77 13
78 9
79 9
80 12
81 17
82 12
83 10
84 12
85 12
86 9
87 6
88 11
89 10
90 7
91 9
92 10
93 12
94 9
95 12
96 12
97 13
98 13
99 11
100 10
101 13
102 10
103 8
104 9
105 10
106 11
107 12
108 13
109 10
110 13
111 10
112 12
113 13
114 15
115 15
116 10
117 12
118 12
119 10
120 12
121 11
122 13
123 11
124 10
125 12
126 14
127 11
128 9
129 14
130 12
131 10
132 10
133 10
134 11
135 13
136 12
137 13
138 8
139 15
140 12
141 12
142 12
143 8
144 9
145 13
146 12
147 10
148 12
149 10
150 13
151 11
152 11
153 15
154 12
155 11
156 6
157 10
158 9
159 12
160 8
161 13
162 12
163 14
164 10
165 9
166 7
167 12
168 10
169 7
170 11
171 11
172 12
173 9
174 16
175 14
176 9
177 12
178 12
179 11
180 10
181 12
182 10
183 8
184 12
185 10
186 12
187 10
188 6
189 15
190 10
191 11
192 11
193 12
194 12
195 9
196 7
197 7
198 12
199 12
200 15
201 11
202 8
203 13
204 13
205 14
206 12
207 9
208 8
209 12
210 12
211 14
212 8
213 12
214 10
215 12
216 8
217 12
218 10
219 11
220 11
221 11
222 10
223 14
224 13
225 9
226 13
227 7
228 10
229 11
230 15
231 8
232 10
233 10
234 14
235 15
236 12
237 13
238 14
239 9
240 12
241 10
242 11
243 7
244 15
245 13
246 13
247 11
248 10
249 11
250 13
251 7
252 11
253 13
254 9
255 12
256 9
257 11
258 13
259 9
260 8
261 12
262 9
263 10
264 12
265 9
266 14
267 12
268 11
269 11
270 11
271 10
272 16
273 12
274 13
275 13
276 11
277 11
278 11
279 13
280 9
281 11
282 10
283 10
284 11
285 10
286 9
287 10
288 13
289 13
290 11
291 9
292 13
293 10
294 8
295 8
296 13
297 11
298 10
299 14
300 10
301 14
302 11
303 16
304 13
305 8
306 17
307 11
308 11
309 13
310 9
311 12
312 13
313 8
314 11
315 10
316 13
317 11
318 10
319 9
320 14
321 9
322 11
323 10
324 10
325 12
326 9
327 10
328 12
329 11
330 9
331 12
332 11
333 12
334 9
335 9
336 14
337 7
338 10
339 9
340 10
341 11
342 11
343 12
344 13
345 13
346 8
347 9
348 16
349 14
350 16
351 12
352 7
353 9
354 10
355 14
356 13
357 12
358 12
359 9
360 9
361 11
362 11
363 10
364 14
365 10
366 13
367 15
368 10
369 12
370 12
371 15
372 13
373 11
374 11
375 13
376 11
377 9
378 10
379 10
380 16
381 9
382 12
383 12
384 11
385 13
386 13
387 18
388 9
389 11
390 12
391 13
392 14
393 13
394 12
395 10
396 10
397 12
398 13
399 11
400 11
401 15
402 11
403 12
404 12
405 13
406 11
407 9
408 17
409 12
410 16
411 11
412 13
413 11
414 10
415 15
416 11
417 11
418 14
419 12
420 14
421 13
422 10
423 11
424 12
425 13
426 12
427 13
428 11
429 13
430 13
431 12
432 11
433 8
434 10
435 11
436 11
437 12
438 20
439 11
440 13
441 12
442 11
443 11
444 12
445 13
446 11
447 12
448 11
449 8
450 12
451 16
452 8
453 12
454 11
455 11
456 12
457 10
458 10
459 8
460 9
461 11
462 14
463 14
464 12
465 11
466 9
467 15
468 12
469 9
470 13
471 12
472 11
473 10
474 15
475 12
476 12
477 12
478 11
479 10
480 10
481 10
482 12
483 10
484 12
485 7
486 11
487 11
488 13
489 15
490 14
491 9
492 10
493 10
494 11
495 9
496 12
497 10
498 9
499 10
500 13
501 11
502 9
503 10
504 9
505 15
506 10
507 12
508 10
509 10
510 9
511 10
512 6
513 9
514 8
515 14
516 15
517 11
518 12
519 11
520 11
521 12
522 12
523 10
524 11
525 8
526 15
527 11
528 13
529 12
530 8
531 11
532 11
533 9
534 10
535 10
536 10
537 12
538 10
539 11
540 10
541 11
542 10
543 8
544 7
545 13
546 11
547 15
548 10
549 15
550 14
551 10
552 10
553 9
554 14
555 10
556 11
557 13
558 11
559 14
560 12
561 11
562 13
563 16
564 14
565 11
566 10
567 11
568 10
569 11
570 11
571 13
572 8
573 13
574 12
575 8
576 11
577 15
578 12
579 15
580 8
581 9
582 12
583 14
584 10
585 13
586 10
587 11
588 11
589 13
590 12
591 15
592 12
593 10
594 12
595 14
596 13
597 8
598 9
599 11
600 13
601 12
602 11
603 9
604 12
605 8
606 12
607 11
608 11
609 9
610 11
611 14
612 10
613 12
614 12
615 11
616 10
617 14
618 9
619 9
620 14
621 13
622 9
623 10
624 11
625 10
626 12
627 13
628 11
629 11
630 11
631 11
632 10
633 13
634 12
635 10
636 9
637 13
638 13
639 12
640 11
641 10
642 13
643 14
644 9
645 8
646 13
647 13
648 11
649 12
650 13
651 9
652 11
653 7
654 11
655 10
656 14
657 15
658 10
659 10
660 10
661 9
662 10
663 10
664 16
665 11
666 12
667 9
668 10
669 11
670 10
671 7
672 9
673 9
674 10
675 12
676 14
677 12
678 7
679 9
680 12
681 12
682 9
683 10
684 15
685 13
686 14
687 10
688 10
689 11
690 13
691 10
692 11
693 16
694 10
695 14
696 12
697 14
698 11
699 12
700 10
701 10
702 10
703 13
704 12
705 8
706 7
707 13
708 11
709 10
710 15
711 12
712 13
713 11
714 12
715 10
716 14
717 9
718 13
719 11
720 8
721 10
722 10
723 13
724 11
725 10
726 8
727 11
728 14
729 10
730 11
731 11
732 15
733 10
734 11
735 10
736 12
737 7
738 7
739 8
740 12
741 12
742 11
743 13
744 11
745 9
746 10
747 14
748 11
749 12
750 10
751 10
752 13
753 11
754 11
755 9
756 10
757 14
758 6
759 13
760 9
761 12
762 9
763 11
764 11
765 9
766 12
767 11
768 10
769 11
770 12
771 13
772 9
773 12
774 9
775 10
776 10
777 14
778 7
779 10
780 14
781 9
782 16
783 9
784 12
785 10
786 10
787 9
788 12
789 11
790 15
791 12
792 12
793 14
794 9
795 16
796 11
797 8
798 14
799 10
800 12
801 7
802 12
803 12
804 13
805 17
806 12
807 11
808 12
809 8
810 9
811 13
812 13
813 11
814 12
815 13
816 12
817 11
818 11
819 8
820 10
821 13
822 12
823 14
824 12
825 14
826 13
827 14
828 13
829 12
830 12
831 9
832 12
833 13
834 16
835 13
836 11
837 15
838 9
839 12
840 9
841 11
842 11
843 13
844 12
845 7
846 12
847 8
848 11
849 12
850 10
851 11
852 14
853 12
854 14
855 10
856 11
857 12
858 9
859 13
860 12
861 8
862 10
863 8
864 9
865 12
866 14
867 15
868 11
869 13
870 10
871 9
872 11
873 17
874 12
875 9
876 9
877 11
878 14
879 12
880 12
881 10
882 11
883 15
884 11
885 13
886 14
887 12
888 14
889 12
890 13
891 11
892 13
893 15
894 13
895 8
896 14
897 7
898 12
899 12
900 10
901 12
902 11
903 8
904 13
905 17
906 11
907 11
908 9
909 10
910 15
911 12
912 12
913 9
914 16
915 8
916 9
917 11
918 12
919 8
920 9
921 11
922 9
923 12
924 9
925 12
926 12
927 8
928 13
929 13
930 9
931 7
932 10
933 10
934 13
935 8
936 10
937 13
938 13
939 13
940 9
941 7
942 11
943 8
944 7
945 11
946 10
947 13
948 13
949 8
950 9
951 10
952 12
953 14
954 12
955 14
956 13
957 15
958 12
959 10
960 13
961 11
962 17
963 12
964 13
965 8
966 13
967 10
968 10
969 11
970 15
971 15
972 15
973 9
974 9
975 13
976 10
977 9
978 14
979 12
980 14
981 11
982 13
983 11
984 14
985 12
986 18
987 11
988 14
989 10
990 8
991 11
992 8
993 11
994 12
995 11
996 13
997 10
998 11
999 11
1000 8
1001 12
1002 13
1003 12
1004 13
1005 11
1006 10
1007 10
1008 8
1009 12
1010 12
1011 9
1012 13
1013 6
1014 7
1015 10
1016 8
1017 13
1018 11
1019 11
1020 10
1021 10
1022 12
1023 10
1024 10
1025 9
1026 10
1027 18
1028 6
1029 9
1030 12
1031 9
1032 10
1033 10
1034 10
1035 14
1036 9
1037 14
1038 11
1039 11
1040 13
1041 11
1042 13
1043 14
1044 10
1045 13
1046 10
1047 11
1048 10
1049 10
1050 8
1051 13
1052 10
1053 13
1054 16
1055 12
1056 10
1057 15
1058 10
1059 10
1060 11
1061 11
1062 13
1063 11
1064 10
1065 12
1066 13
1067 16
1068 10
1069 14
1070 11
1071 9
1072 13
1073 11
1074 12
1075 12
1076 12
1077 12
1078 12
1079 11
1080 6
1081 11
1082 12
1083 7
1084 13
1085 12
1086 12
1087 11
1088 11
1089 11
1090 9
1091 12
1092 11
1093 8
1094 14
1095 9
1096 10
1097 12
1098 10
1099 11
1100 11
1101 10
1102 10
1103 9
1104 12
1105 11
1106 10
1107 10
1108 10
1109 12
1110 7
1111 12
1112 12
1113 15
1114 16
1115 14
1116 10
1117 15
1118 11
1119 13
1120 11
1121 11
1122 14
1123 10
1124 11
1125 8
1126 15
1127 12
1128 9
1129 13
1130 10
1131 12
1132 15
1133 14
1134 13
1135 10
1136 12
1137 13
1138 14
1139 10
1140 6
1141 11
1142 11
1143 12
1144 14
1145 11
1146 12
1147 11
1148 10
1149 12
1150 12
1151 11
1152 10
1153 10
1154 16
1155 11
1156 14
1157 13
1158 14
1159 11
1160 11
1161 12
1162 13
1163 11
1164 15
1165 11
1166 9
1167 11
1168 9
1169 15
1170 11
1171 12
1172 14
1173 12
1174 11
1175 11
1176 10
1177 12
1178 10
1179 12
1180 14
1181 16
1182 14
1183 16
1184 15
1185 12
1186 7
1187 11
1188 7
1189 11
1190 13
1191 14
1192 12
1193 10
1194 6
1195 10
1196 10
1197 16
1198 9
1199 13
1200 12
1201 12
1202 13
1203 12
1204 12
1205 14
1206 13
1207 12
1208 16
1209 10
1210 6
1211 9
1212 11
1213 13
1214 8
1215 12
1216 16
1217 13
1218 8
1219 9
1220 13
1221 11
1222 11
1223 10
1224 8
1225 13
1226 10
1227 6
1228 11
1229 12
1230 12
1231 12
1232 10
1233 10
1234 12
1235 11
1236 12
1237 11
1238 11
1239 10
1240 10
1241 13
1242 13
1243 10
1244 8
1245 10
1246 7
1247 11
1248 11
1249 14
1250 11
1251 10
1252 12
1253 8
1254 11
1255 15
1256 14
1257 15
1258 11
1259 8
1260 7
1261 12
1262 15
1263 8
1264 11
1265 12
1266 13
1267 14
1268 12
1269 13
1270 12
1271 11
1272 7
1273 12
1274 10
1275 11
1276 13
1277 10
1278 11
1279 11
1280 11
1281 13
1282 10
1283 14
1284 11
1285 9
1286 10
1287 11
1288 13
1289 13
1290 13
1291 13
1292 8
1293 11
1294 16
1295 10
1296 10
1297 8
1298 10
1299 10
1300 12
1301 16
1302 12
1303 13
1304 12
1305 12
1306 13
1307 10
1308 16
1309 14
1310 11
1311 9
1312 11
1313 11
1314 13
1315 10
1316 16
1317 9
1318 9
1319 10
1320 11
1321 12
1322 7
1323 12
1324 10
1325 11
1326 8
1327 7
1328 15
1329 18
1330 13
1331 11
1332 11
1333 10
1334 10
1335 14
1336 9
1337 11
1338 16
1339 8
1340 13
1341 12
1342 9
1343 13
1344 11
1345 15
1346 10
1347 14
1348 12
1349 13
1350 8
1351 10
1352 11
1353 8
1354 13
1355 9
1356 9
1357 14
1358 12
1359 10
1360 13
1361 10
1362 8
1363 13
1364 11
1365 7
1366 12
1367 9
1368 11
1369 11
1370 12
1371 14
1372 11
1373 9
1374 14
1375 10
1376 11
1377 11
1378 11
1379 15
1380 12
1381 12
1382 9
1383 14
1384 13
1385 14
1386 8
1387 14
1388 10
1389 12
1390 7
1391 10
1392 12
1393 14
1394 9
1395 15
1396 9
1397 11
1398 11
1399 12
1400 10
1401 10
1402 9
1403 11
1404 9
1405 12
1406 11
1407 12
1408 13
1409 12
1410 13
1411 13
1412 13
1413 12
1414 15
1415 16
1416 13
1417 10
1418 11
1419 10
1420 12
1421 15
1422 16
1423 12
1424 11
1425 9
1426 10
1427 11
1428 13
1429 11
1430 13
1431 10
1432 11
1433 9
1434 12
1435 9
1436 10
1437 12
1438 11
1439 14
1440 9
1441 14
1442 12
1443 8
1444 8
1445 11
1446 11
1447 10
1448 7
1449 9
1450 10
1451 14
1452 13
1453 11
1454 13
1455 12
1456 11
1457 11
1458 10
1459 14
1460 9
1461 14
1462 14
1463 10
1464 13
1465 10
1466 10
1467 12
1468 13
1469 12
1470 12
1471 11
1472 9
1473 13
1474 10
1475 11
1476 17
1477 14
1478 12
1479 11
1480 9
1481 15
1482 11
1483 12
1484 10
1485 12
1486 14
1487 11
1488 15
1489 12
1490 10
1491 16
1492 12
1493 13
1494 10
1495 14
1496 9
1497 11
1498 6
1499 9
1500 7
1501 14
1502 13
1503 12
1504 13
1505 9
1506 9
1507 11
1508 13
1509 14
1510 11
1511 10
1512 12
1513 14
1514 12
1515 8
1516 9
1517 8
1518 10
1519 10
1520 10
1521 10
1522 13
1523 12
1524 13
1525 7
1526 10
1527 9
1528 9
1529 14
1530 13
1531 13
1532 10
1533 12
1534 7
1535 8
1536 12
1537 12
1538 11
1539 9
1540 11
1541 11
1542 10
1543 14
1544 8
1545 12
1546 9
1547 14
1548 11
1549 11
1550 10
1551 14
1552 9
1553 13
1554 10
1555 9
1556 14
1557 7
1558 13
1559 12
1560 15
1561 12
1562 12
1563 12
1564 14
1565 6
1566 8
1567 10
1568 10
1569 10
1570 14
1571 12
1572 8
1573 12
1574 13
1575 13
1576 13
1577 13
1578 15
1579 9
1580 11
1581 14
1582 16
1583 12
1584 13
1585 8
1586 12
1587 13
1588 15
1589 13
1590 13
1591 12
1592 12
1593 10
1594 14
1595 14
1596 10
1597 12
1598 10
1599 11
1600 13
1601 9
1602 10
1603 12
1604 11
1605 9
1606 11
1607 12
1608 7
1609 14
1610 14
1611 6
1612 8
1613 12
1614 8
1615 10
1616 10
1617 11
1618 11
1619 7
1620 9
1621 9
1622 12
1623 11
1624 11
1625 12
1626 9
1627 10
1628 14
1629 11
1630 12
1631 12
1632 14
1633 12
1634 9
1635 10
1636 9
1637 13
1638 11
1639 9
1640 9
1641 16
1642 8
1643 14
1644 16
1645 10
1646 12
1647 10
1648 11
1649 15
1650 9
1651 13
1652 15
1653 13
1654 9
1655 5
1656 11
1657 9
1658 10
1659 13
1660 7
1661 11
1662 14
1663 11
1664 8
1665 10
1666 12
1667 11
1668 14
1669 8
1670 14
1671 9
1672 13
1673 14
1674 9
1675 9
1676 10
1677 10
1678 13
1679 15
1680 7
1681 10
1682 17
1683 10
1684 16
1685 13
1686 10
1687 10
1688 13
1689 13
1690 10
1691 14
1692 12
1693 11
1694 14
1695 11
1696 12
1697 7
1698 10
1699 11
1700 11
1701 9
1702 9
1703 13
1704 13
1705 12
1706 13
1707 12
1708 11
1709 12
1710 13
1711 10
1712 17
1713 12
1714 11
1715 14
1716 10
1717 18
1718 7
1719 11
1720 9
1721 10
1722 14
1723 8
1724 15
1725 10
1726 12
1727 12
1728 10
1729 11
1730 8
1731 11
1732 10
1733 14
1734 8
1735 12
1736 13
1737 12
1738 15
1739 8
1740 11
1741 14
1742 14
1743 13
1744 9
1745 13
1746 12
1747 10
1748 7
1749 11
1750 10
1751 8
1752 10
1753 9
1754 13
1755 13
1756 12
1757 12
1758 13
1759 12
1760 10
1761 10
1762 10
1763 14
1764 12
1765 7
1766 9
1767 12
1768 11
1769 10
1770 12
1771 9
1772 10
1773 12
1774 11
1775 8
1776 10
1777 11
1778 8
1779 11
1780 9
1781 12
1782 12
1783 10
1784 9
1785 14
1786 12
1787 15
1788 14
1789 13
1790 10
1791 12
1792 13
1793 14
1794 13
1795 15
1796 7
1797 12
1798 12
1799 6
1800 12
1801 7
1802 9
1803 12
1804 11
1805 11
1806 12
1807 12
1808 16
1809 12
1810 11
1811 13
1812 10
1813 12
1814 12
1815 9
1816 10
1817 12
1818 9
1819 11
1820 16
1821 10
1822 18
1823 14
1824 9
1825 11
1826 12
1827 11
1828 8
1829 10
1830 9
1831 7
1832 12
1833 11
1834 15
1835 9
1836 13
1837 12
1838 11
1839 13
1840 13
1841 8
1842 14
1843 12
1844 14
1845 8
1846 10
1847 14
1848 11
1849 11
1850 8
1851 11
1852 12
1853 11
1854 11
1855 12
1856 13
1857 9
1858 11
1859 9
1860 9
1861 10
1862 7
1863 11
1864 12
1865 11
1866 10
1867 11
1868 9
1869 12
1870 11
1871 9
1872 12
1873 8
1874 11
1875 12
1876 12
1877 13
1878 10
1879 11
1880 10
1881 10
1882 12
1883 14
1884 8
1885 11
1886 10
1887 13
1888 13
1889 13
1890 13
1891 13
1892 8
1893 13
1894 11
1895 10
1896 14
1897 13
1898 14
1899 8
1900 6
1901 17
1902 10
1903 11
1904 13
1905 12
1906 11
1907 9
1908 10
1909 8
1910 10
1911 14
1912 13
1913 12
1914 12
1915 8
1916 15
1917 4
1918 13
1919 12
1920 10
1921 11
1922 13
1923 10
1924 9
1925 12
1926 16
1927 13
1928 8
1929 8
1930 9
1931 9
1932 16
1933 14
1934 10
1935 12
1936 11
1937 10
1938 10
1939 15
1940 11
1941 11
1942 15
1943 11
1944 15
1945 10
1946 15
1947 12
1948 10
1949 15
1950 8
1951 8
1952 10
1953 10
1954 13
1955 12
1956 13
1957 13
1958 13
1959 11
1960 10
1961 10
1962 8
1963 11
1964 9
1965 13
1966 14
1967 11
1968 12
1969 12
1970 10
1971 14
1972 11
1973 9
1974 12
1975 12
1976 9
1977 8
1978 9
1979 9
1980 13
1981 9
1982 12
1983 13
1984 14
1985 12
1986 11
1987 15
1988 11
1989 12
1990 9
1991 11
1992 11
1993 10
1994 15
1995 10
1996 14
1997 12
1998 12
1999 13
2000 11
2001 14
2002 12
2003 12
2004 10
2005 9
2006 12
2007 11
2008 14
2009 9
2010 10
2011 11
2012 11
2013 12
2014 13
2015 12
2016 8
2017 10
2018 12
2019 9
2020 11
2021 12
2022 12
2023 12
2024 11
2025 9
2026 15
2027 11
2028 12
2029 8
2030 12
2031 10
2032 16
2033 13
2034 11
2035 12
2036 9
2037 12
2038 16
2039 10
2040 14
2041 11
2042 11
2043 10
2044 15
2045 12
2046 11
2047 15
2048 15
2049 13
2050 11
2051 14
2052 11
2053 12
2054 12
2055 10
2056 9
2057 13
2058 11
2059 10
2060 12
2061 12
2062 13
2063 8
2064 7
2065 13
2066 13
2067 12
2068 11
2069 15
2070 10
2071 15
2072 9
2073 11
2074 11
2075 8
2076 7
2077 10
2078 10
2079 9
2080 12
2081 9
2082 14
2083 10
2084 9
2085 13
2086 10
2087 12
2088 16
2089 13
2090 13
2091 11
2092 16
2093 11
2094 8
2095 16
2096 12
2097 13
2098 9
2099 13
2100 12
2101 10
2102 13
2103 9
2104 14
2105 10
2106 13
2107 9
2108 13
2109 14
2110 12
2111 9
2112 8
2113 11
2114 10
2115 11
2116 12
2117 14
2118 12
2119 12
2120 10
2121 12
2122 13
2123 6
2124 10
2125 14
2126 15
2127 13
2128 12
2129 8
2130 13
2131 10
2132 13
2133 12
2134 13
2135 13
2136 10
2137 10
2138 10
2139 11
2140 13
2141 9
2142 16
2143 11
2144 8
2145 15
2146 10
2147 13
2148 11
2149 14
2150 12
2151 12
2152 13
2153 13
2154 11
2155 14
2156 9
2157 9
2158 11
2159 12
2160 8
2161 7
2162 11
2163 11
2164 10
2165 13
2166 11
2167 11
2168 8
2169 11
2170 9
2171 11
2172 12
2173 11
2174 16
2175 8
2176 9
2177 11
2178 13
2179 11
2180 10
2181 9
2182 13
2183 10
2184 12
2185 10
2186 12
2187 8
2188 11
2189 14
2190 13
2191 15
2192 9
2193 11
2194 13
2195 9
2196 9
2197 12
2198 8
2199 11
2200 11
2201 14
2202 13
2203 12
2204 10
2205 8
2206 15
2207 15
2208 13
2209 8
2210 15
2211 14
2212 12
2213 9
2214 13
2215 6
2216 13
2217 8
2218 13
2219 9
2220 10
2221 12
2222 14
2223 12
2224 15
2225 9
2226 10
2227 12
2228 12
2229 12
2230 9
2231 9
2232 10
2233 8
2234 12
2235 6
2236 11
2237 11
2238 9
2239 10
2240 14
2241 12
2242 11
2243 9
2244 12
2245 7
2246 16
2247 10
2248 9
2249 15
2250 11
2251 12
2252 11
2253 10
2254 11
2255 9
2256 7
2257 13
2258 15
2259 10
2260 11
2261 14
2262 9
2263 12
2264 8
2265 13
2266 11
2267 10
2268 12
2269 11
2270 11
2271 8
2272 13
2273 15
2274 11
2275 13
2276 17
2277 12
2278 7
2279 9
2280 12
2281 11
2282 13
2283 11
2284 11
2285 10
2286 16
2287 6
2288 11
2289 14
2290 11
2291 10
2292 13
2293 8
2294 8
2295 10
2296 12
2297 10
2298 16
2299 12
2300 16
2301 10
2302 12
2303 11
2304 11
2305 16
2306 12
2307 13
2308 15
2309 11
2310 8
2311 14
2312 6
2313 10
2314 14
2315 10
2316 11
2317 11
2318 11
2319 8
2320 7
2321 9
2322 12
2323 13
2324 14
2325 13
2326 8
2327 14
2328 10
2329 13
2330 11
2331 9
2332 10
2333 15
2334 12
2335 17
2336 12
2337 10
2338 9
2339 9
2340 11
2341 8
2342 10
2343 8
2344 11
2345 11
2346 10
2347 13
2348 16
2349 19
2350 10
2351 6
2352 13
2353 13
2354 9
2355 11
2356 12
2357 11
2358 15
2359 10
2360 9
2361 4
2362 8
2363 11
2364 13
2365 13
2366 12
2367 9
2368 14
2369 11
2370 13
2371 12
2372 13
2373 14
2374 10
2375 9
2376 11
2377 11
2378 13
2379 10
2380 9
2381 6
2382 7
2383 13
2384 14
2385 15
2386 15
2387 10
2388 9
2389 10
2390 8
2391 12
2392 8
2393 12
2394 6
2395 13
2396 7
2397 9
2398 11
2399 14
2400 10
2401 13
2402 7
2403 13
2404 13
2405 13
2406 13
2407 15
2408 14
2409 9
2410 10
2411 11
2412 12
2413 11
2414 12
2415 11
2416 12
2417 11
2418 12
2419 13
2420 11
2421 12
2422 11
2423 13
2424 12
2425 11
2426 10
2427 12
2428 13
2429 15
2430 12
2431 13
2432 15
2433 9
2434 10
2435 12
2436 13
2437 12
2438 16
2439 10
2440 9
2441 11
2442 15
2443 13
2444 10
2445 9
2446 17
2447 14
2448 11
2449 9
2450 12
2451 12
2452 12
2453 6
2454 12
2455 12
2456 7
2457 10
2458 12
2459 9
2460 12
2461 10
2462 12
2463 12
2464 11
2465 11
2466 15
2467 14
2468 9
2469 12
2470 13
2471 11
2472 9
2473 12
2474 13
2475 11
2476 14
2477 13
2478 10
2479 13
2480 13
2481 13
2482 12
2483 11
2484 11
2485 9
2486 13
2487 10
2488 11
2489 9
2490 10
2491 14
2492 8
2493 10
2494 13
2495 12
2496 14
2497 12
2498 17
2499 12
2500 12
2501 8
2502 10
2503 11
2504 9
2505 14
2506 13
2507 10
2508 12
2509 11
2510 12
2511 13
2512 14
2513 14
2514 13
2515 14
2516 11
2517 12
2518 8
2519 12
2520 9
2521 13
2522 13
2523 11
2524 12
2525 10
2526 12
2527 15
2528 11
2529 9
2530 12
2531 12
2532 12
2533 10
2534 8
2535 15
2536 8
2537 11
2538 9
2539 11
2540 13
2541 9
2542 15
2543 16
2544 10
2545 10
2546 13
2547 13
2548 8
2549 13
2550 11
2551 10
2552 12
2553 12
2554 17
2555 9
2556 14
2557 12
2558 10
2559 13
2560 9
2561 11
2562 12
2563 15
2564 9
2565 12
2566 10
2567 15
2568 10
2569 8
2570 16
2571 12
2572 8
2573 12
2574 13
2575 10
2576 15
2577 12
2578 15
2579 15
2580 8
2581 10
2582 12
2583 11
2584 14
2585 9
2586 12
2587 9
2588 9
2589 9
2590 13
2591 17
2592 11
2593 13
2594 9
2595 7
2596 9
2597 11
2598 10
2599 13
2600 13
2601 10
2602 12
2603 13
2604 10
2605 10
2606 11
2607 10
2608 9
2609 11
2610 13
2611 12
2612 11
2613 10
2614 14
2615 15
2616 15
2617 10
2618 12
2619 12
2620 17
2621 9
2622 9
2623 11
2624 12
2625 11
2626 11
2627 11
2628 13
2629 15
2630 9
2631 13
2632 15
2633 11
2634 11
2635 12
2636 10
2637 12
2638 12
2639 14
2640 13
2641 8
2642 14
2643 9
2644 10
2645 7
2646 12
2647 10
2648 9
2649 11
2650 10
2651 10
2652 8
2653 10
2654 17
2655 14
2656 8
2657 11
2658 10
2659 12
2660 10
2661 11
2662 11
2663 13
2664 10
2665 13
2666 11
2667 15
2668 8
2669 11
2670 10
2671 12
2672 6
2673 11
2674 12
2675 12
2676 9
2677 12
2678 9
2679 11
2680 12
2681 11
2682 13
2683 11
2684 12
2685 15
2686 12
2687 12
2688 11
2689 10
2690 11
2691 11
2692 15
2693 9
2694 14
2695 11
2696 9
2697 15
2698 14
2699 12
2700 11
2701 11
2702 12
2703 7
2704 13
2705 10
2706 13
2707 14
2708 15
2709 8
2710 11
2711 9
2712 12
2713 11
2714 11
2715 12
2716 13
2717 14
2718 13
2719 12
2720 15
2721 10
2722 11
2723 11
2724 11
2725 14
2726 9
2727 11
2728 14
2729 12
2730 11
2731 16
2732 9
2733 6
2734 12
2735 11
2736 10
2737 10
2738 13
2739 12
2740 11
2741 12
2742 12
2743 11
2744 12
2745 17
2746 12
2747 11
2748 9
2749 11
2750 12
2751 12
2752 17
2753 10
2754 15
2755 7
2756 11
2757 11
2758 8
2759 14
2760 8
2761 18
2762 12
2763 13
2764 11
2765 9
2766 10
2767 10
2768 10
2769 12
2770 14
2771 8
2772 12
2773 13
2774 9
2775 12
2776 9
2777 9
2778 11
2779 11
2780 12
2781 13
2782 12
2783 12
2784 10
2785 13
2786 13
2787 13
2788 13
2789 12
2790 13
2791 12
2792 12
2793 11
2794 9
2795 12
2796 10
2797 13
2798 14
2799 10
2800 12
2801 16
2802 14
2803 9
2804 16
2805 11
2806 7
2807 11
2808 10
2809 10
2810 13
2811 14
2812 13
2813 9
2814 13
2815 13
2816 11
2817 12
2818 10
2819 12
2820 9
2821 10
2822 11
2823 8
2824 9
2825 6
2826 12
2827 13
2828 8
2829 13
2830 6
2831 9
2832 10
2833 12
2834 13
2835 10
2836 10
2837 8
2838 14
2839 9
2840 10
2841 13
2842 12
2843 12
2844 15
2845 11
2846 10
2847 14
2848 11
2849 13
2850 11
2851 12
2852 12
2853 13
2854 11
2855 11
2856 13
2857 12
2858 11
2859 10
2860 9
2861 10
2862 13
2863 14
2864 13
2865 12
2866 11
2867 10
2868 11
2869 11
2870 14
2871 11
2872 9
2873 8
2874 17
2875 8
2876 12
2877 10
2878 12
2879 14
2880 9
2881 7
2882 9
2883 11
2884 12
2885 11
2886 14
2887 10
2888 15
2889 14
2890 11
2891 6
2892 16
2893 15
2894 10
2895 7
2896 14
2897 15
2898 8
2899 11
2900 13
2901 12
2902 12
2903 15
2904 12
2905 15
2906 12
2907 12
2908 9
2909 10
2910 13
2911 11
2912 14
2913 12
2914 9
2915 13
2916 12
2917 12
2918 11
2919 9
2920 11
2921 9
2922 13
2923 13
2924 12
2925 12
2926 9
2927 10
2928 10
2929 10
2930 8
2931 11
2932 11
2933 11
2934 9
2935 11
2936 13
2937 10
2938 9
2939 12
2940 11
2941 11
2942 14
2943 13
2944 7
2945 13
2946 9
2947 9
2948 10
2949 12
2950 12
2951 10
2952 13
2953 11
2954 10
2955 14
2956 8
2957 13
2958 10
2959 10
2960 16
2961 9
2962 9
2963 14
2964 14
2965 12
2966 13
2967 11
2968 11
2969 12
2970 11
2971 14
2972 14
2973 13
2974 11
2975 9
2976 11
2977 18
2978 10
2979 12
2980 12
2981 13
2982 12
2983 14
2984 14
2985 10
2986 14
2987 14
2988 13
2989 12
2990 11
2991 14
2992 16
2993 11
2994 12
2995 10
2996 9
2997 13
2998 11
2999 8
3000 9
3001 14
3002 12
3003 13
3004 10
3005 12
3006 11
3007 18
3008 11
3009 12
3010 8
3011 11
3012 13
3013 13
3014 7
3015 12
3016 12
3017 8
3018 11
3019 9
3020 11
3021 14
3022 8
3023 11
3024 12
3025 14
3026 10
3027 13
3028 11
3029 12
3030 12
3031 12
3032 11
3033 13
3034 10
3035 10
3036 9
3037 10
3038 14
3039 9
3040 9
3041 13
3042 13
3043 10
3044 15
3045 10
3046 7
3047 10
3048 12
3049 12
3050 9
3051 10
3052 14
3053 11
3054 8
3055 8
3056 11
3057 15
3058 13
3059 8
3060 10
3061 13
3062 14
3063 11
3064 15
3065 12
3066 12
3067 9
3068 10
3069 11
3070 10
3071 14
3072 10
3073 12
3074 7
3075 9
3076 13
3077 10
3078 9
3079 11
3080 9
3081 12
3082 9
3083 11
3084 14
3085 12
3086 8
3087 11
3088 12
3089 10
3090 14
3091 10
3092 12
3093 15
3094 11
3095 10
3096 11
3097 13
3098 11
3099 11
3100 9
3101 11
3102 16
3103 10
3104 9
3105 10
3106 7
3107 10
3108 12
3109 14
3110 12
3111 8
3112 14
3113 11
3114 8
3115 10
3116 8
3117 11
3118 12
3119 12
3120 11
3121 12
3122 11
3123 6
3124 12
3125 11
3126 11
3127 8
3128 12
3129 10
3130 12
3131 14
3132 10
3133 9
3134 13
3135 13
3136 10
3137 9
3138 13
3139 14
3140 11
3141 10
3142 13
3143 16
3144 16
3145 12
3146 13
3147 8
3148 12
3149 12
3150 14
3151 13
3152 12
3153 14
3154 7
3155 12
3156 8
3157 14
3158 12
3159 14
3160 9
3161 11
3162 15
3163 11
3164 9
3165 12
3166 11
3167 10
3168 12
3169 11
3170 8
3171 12
3172 14
3173 14
3174 13
3175 11
3176 13
3177 10
3178 8
3179 10
3180 11
3181 13
3182 12
3183 8
3184 6
3185 9
3186 11
3187 15
3188 12
3189 9
3190 11
3191 8
3192 11
3193 13
3194 11
3195 11
3196 8
3197 16
3198 9
3199 10
3200 10
3201 10
3202 9
3203 13
3204 12
3205 12
3206 8
3207 11
3208 11
3209 14
3210 11
3211 9
3212 10
3213 13
3214 8
3215 11
3216 8
3217 9
3218 11
3219 11
3220 12
3221 14
3222 14
3223 5
3224 13
3225 18
3226 13
3227 5
3228 16
3229 12
3230 18
3231 13
3232 12
3233 11
3234 14
3235 11
3236 7
3237 7
3238 12
3239 12
3240 10
3241 11
3242 9
3243 11
3244 12
3245 13
3246 9
3247 10
3248 13
3249 11
3250 10
3251 15
3252 13
3253 10
3254 12
3255 10
3256 11
3257 15
3258 10
3259 9
3260 15
3261 13
3262 9
3263 11
3264 8
3265 11
3266 9
3267 8
3268 10
3269 14
3270 11
3271 8
3272 15
3273 14
3274 14
3275 9
3276 9
3277 12
3278 15
3279 10
3280 12
3281 9
3282 10
3283 7
3284 13
3285 13
3286 10
3287 9
3288 6
3289 11
3290 12
3291 10
3292 13
3293 12
3294 16
3295 10
3296 14
3297 13
3298 12
3299 7
3300 11
3301 17
3302 7
3303 5
3304 10
3305 12
3306 11
3307 11
3308 10
3309 12
3310 11
3311 16
3312 13
3313 8
3314 12
3315 12
3316 8
3317 9
3318 12
3319 12
3320 11
3321 11
3322 13
3323 15
3324 16
3325 12
3326 13
3327 10
3328 11
3329 11
3330 12
3331 9
3332 12
3333 11
3334 12
3335 7
3336 11
3337 12
3338 12
3339 11
3340 11
3341 10
3342 9
3343 9
3344 6
3345 11
3346 13
3347 7
3348 15
3349 13
3350 12
3351 11
3352 9
3353 12
3354 17
3355 11
3356 13
3357 15
3358 10
3359 11
3360 10
3361 8
3362 12
3363 11
3364 8
3365 13
3366 10
3367 12
3368 12
3369 12
3370 12
3371 14
3372 12
3373 13
3374 11
3375 12
3376 12
3377 11
3378 10
3379 8
3380 12
3381 10
3382 14
3383 9
3384 13
3385 11
3386 13
3387 13
3388 8
3389 11
3390 12
3391 10
3392 15
3393 12
3394 10
3395 13
3396 9
3397 13
3398 12
3399 14
3400 10
3401 9
3402 10
3403 10
3404 10
3405 13
3406 11
3407 13
3408 10
3409 12
3410 12
3411 13
3412 11
3413 8
3414 8
3415 13
3416 10
3417 13
3418 13
3419 8
3420 6
3421 10
3422 6
3423 11
3424 13
3425 15
3426 12
3427 11
3428 16
3429 9
3430 12
3431 15
3432 10
3433 10
3434 11
3435 14
3436 12
3437 13
3438 12
3439 10
3440 10
3441 10
3442 9
3443 15
3444 19
3445 13
3446 10
3447 9
3448 13
3449 13
3450 12
3451 9
3452 9
3453 16
3454 11
3455 14
3456 11
3457 14
3458 12
3459 10
3460 13
3461 11
3462 11
3463 11
3464 18
3465 8
3466 11
3467 10
3468 14
3469 14
3470 12
3471 13
3472 14
3473 16
3474 8
3475 9
3476 11
3477 9
3478 11
3479 16
3480 10
3481 12
3482 11
3483 13
3484 11
3485 8
3486 10
3487 12
3488 12
3489 11
3490 8
3491 11
3492 10
3493 14
3494 12
3495 12
3496 9
3497 12
3498 15
3499 11
3500 12
3501 13
3502 12
3503 12
3504 13
3505 12
3506 12
3507 15
3508 10
3509 10
3510 11
3511 15
3512 14
3513 15
3514 9
3515 9
3516 12
3517 11
3518 11
3519 10
3520 11
3521 15
3522 10
3523 10
3524 11
3525 13
3526 14
3527 14
3528 11
3529 10
3530 11
3531 14
3532 10
3533 12
3534 8
3535 6
3536 9
3537 7
3538 12
3539 11
3540 15
3541 12
3542 12
3543 14
3544 9
3545 13
3546 10
3547 12
3548 13
3549 14
3550 13
3551 13
3552 12
3553 14
3554 15
3555 12
3556 14
3557 13
3558 11
3559 11
3560 13
3561 11
3562 11
3563 9
3564 13
3565 10
3566 11
3567 15
3568 9
3569 12
3570 10
3571 11
3572 9
3573 10
3574 9
3575 10
3576 11
3577 11
3578 9
3579 14
3580 12
3581 7
3582 9
3583 11
3584 8
3585 7
3586 13
3587 11
3588 13
3589 12
3590 11
3591 14
3592 14
3593 11
3594 12
3595 10
3596 15
3597 10
3598 14
3599 12
3600 10
3601 14
3602 14
3603 17
3604 6
3605 8
3606 14
3607 11
3608 9
3609 11
3610 11
3611 14
3612 12
3613 10
3614 10
3615 14
3616 14
3617 5
3618 14
3619 12
3620 12
3621 11
3622 13
3623 13
3624 7
3625 9
3626 12
3627 11
3628 10
3629 8
3630 17
3631 12
3632 11
3633 14
3634 8
3635 17
3636 10
3637 14
3638 15
3639 12
3640 14
3641 13
3642 9
3643 12
3644 14
3645 10
3646 13
3647 14
3648 11
3649 11
3650 8
3651 12
3652 11
3653 11
3654 7
3655 9
3656 12
3657 10
3658 13
3659 8
3660 14
3661 10
3662 13
3663 13
3664 11
3665 9
3666 15
3667 9
3668 12
3669 10
3670 12
3671 9
3672 10
3673 15
3674 15
3675 15
3676 13
3677 14
3678 10
3679 12
3680 9
3681 12
3682 10
3683 15
3684 12
3685 7
3686 7
3687 15
3688 10
3689 14
3690 11
3691 9
3692 12
3693 10
3694 12
3695 9
3696 15
3697 10
3698 11
3699 12
3700 14
3701 13
3702 11
3703 11
3704 9
3705 11
3706 11
3707 8
3708 15
3709 13
3710 11
3711 11
3712 15
3713 12
3714 9
3715 9
3716 8
3717 9
3718 9
3719 12
3720 12
3721 13
3722 13
3723 13
3724 13
3725 12
3726 10
3727 10
3728 12
3729 12
3730 11
3731 10
3732 12
3733 13
3734 12
3735 12
3736 12
3737 15
3738 13
3739 12
3740 6
3741 14
3742 11
3743 10
3744 15
3745 9
3746 12
3747 14
3748 14
3749 12
3750 13
3751 12
3752 12
3753 12
3754 9
3755 9
3756 9
3757 10
3758 7
3759 12
3760 10
3761 10
3762 8
3763 12
3764 16
3765 11
3766 11
3767 15
3768 11
3769 13
3770 10
3771 12
3772 9
3773 14
3774 9
3775 15
3776 9
3777 10
3778 10
3779 11
3780 10
3781 11
3782 10
3783 14
3784 12
3785 9
3786 10
3787 15
3788 10
3789 8
3790 9
3791 12
3792 13
3793 12
3794 9
3795 13
3796 11
3797 13
3798 14
3799 9
3800 13
3801 11
3802 9
3803 10
3804 16
3805 7
3806 11
3807 15
3808 14
3809 9
3810 11
3811 8
3812 13
3813 13
3814 17
3815 13
3816 12
3817 11
3818 12
3819 12
3820 11
3821 11
3822 10
3823 9
3824 11
3825 13
3826 13
3827 11
3828 10
3829 9
3830 15
3831 10
3832 11
3833 10
3834 8
3835 16
3836 13
3837 10
3838 17
3839 14
3840 11
3841 11
3842 11
3843 8
3844 16
3845 12
3846 6
3847 7
3848 8
3849 12
3850 12
3851 11
3852 13
3853 12
3854 12
3855 16
3856 9
3857 17
3858 12
3859 9
3860 11
3861 10
3862 12
3863 12
3864 13
3865 11
3866 13
3867 12
3868 13
3869 15
3870 9
3871 13
3872 14
3873 12
3874 13
3875 12
3876 12
3877 7
3878 13
3879 12
3880 13
3881 11
3882 10
3883 10
3884 12
3885 12
3886 11
3887 12
3888 11
3889 13
3890 13
3891 14
3892 12
3893 14
3894 14
3895 11
3896 13
3897 10
3898 12
3899 13
3900 11
3901 15
3902 11
3903 13
3904 13
3905 13
3906 13
3907 14
3908 15
3909 12
3910 10
3911 10
3912 15
3913 11
3914 12
3915 11
3916 12
3917 13
3918 12
3919 10
3920 12
3921 12
3922 13
3923 12
3924 12
3925 15
3926 14
3927 12
3928 12
3929 12
3930 10
3931 9
3932 12
3933 11
3934 11
3935 16
3936 7
3937 11
3938 9
3939 10
3940 9
3941 10
3942 16
3943 8
3944 14
3945 10
3946 12
3947 10
3948 12
3949 13
3950 9
3951 12
3952 9
3953 15
3954 10
3955 11
3956 19
3957 14
3958 8
3959 11
3960 12
3961 9
3962 12
3963 11
3964 14
3965 12
3966 12
3967 11
3968 14
3969 11
3970 11
3971 8
3972 15
3973 12
3974 14
3975 13
3976 10
3977 15
3978 13
3979 9
3980 11
3981 14
3982 12
3983 14
3984 13
3985 15
3986 14
3987 12
3988 10
3989 10
3990 13
3991 16
3992 11
3993 11
3994 8
3995 9
3996 12
3997 12
3998 8
3999 13
4000 10
4001 7
4002 12
4003 10
4004 13
4005 12
4006 12
4007 9
4008 14
4009 11
4010 11
4011 8
4012 10
4013 15
4014 10
4015 9
4016 5
4017 9
4018 11
4019 10
4020 12
4021 9
4022 12
4023 10
4024 13
4025 15
4026 15
4027 9
4028 11
4029 10
4030 13
4031 11
4032 13
4033 14
4034 10
4035 9
4036 10
4037 14
4038 7
4039 9
4040 11
4041 10
4042 9
4043 13
4044 14
4045 12
4046 10
4047 16
4048 12
4049 11
4050 12
4051 9
4052 12
4053 13
4054 11
4055 14
4056 8
4057 14
4058 13
4059 9
4060 12
4061 10
4062 14
4063 10
4064 8
4065 13
4066 10
4067 11
4068 8
4069 14
4070 11
4071 6
4072 14
4073 15
4074 10
4075 11
4076 8
4077 13
4078 9
4079 8
4080 12
4081 12
4082 14
4083 10
4084 10
4085 13
4086 14
4087 5
4088 12
4089 12
4090 13
4091 14
4092 11
4093 16
4094 12
4095 11
4096 11
4097 11
4098 11
4099 13
4100 9
4101 13
4102 9
4103 10
4104 10
4105 8
4106 11
4107 9
4108 12
4109 11
4110 11
4111 11
4112 13
4113 12
4114 8
4115 16
4116 8
4117 12
4118 9
4119 10
4120 10
4121 14
4122 10
4123 10
4124 10
4125 11
4126 14
4127 10
4128 12
4129 14
4130 14
4131 16
4132 8
4133 7
4134 16
4135 19
4136 13
4137 12
4138 10
4139 10
4140 13
4141 11
4142 16
4143 12
4144 13
4145 9
4146 11
4147 11
4148 13
4149 8
4150 11
4151 11
4152 10
4153 14
4154 9
4155 9
4156 9
4157 8
4158 14
4159 12
4160 11
4161 16
4162 11
4163 11
4164 13
4165 11
4166 16
4167 13
4168 13
4169 9
4170 13
4171 11
4172 10
4173 10
4174 10
4175 6
4176 7
4177 11
4178 14
4179 11
4180 8
4181 13
4182 9
4183 8
4184 14
4185 10
4186 10
4187 14
4188 10
4189 12
4190 12
4191 8
4192 12
4193 9
4194 9
4195 11
4196 15
4197 18
4198 11
4199 8
4200 10
4201 6
4202 10
4203 14
4204 13
4205 13
4206 12
4207 10
4208 10
4209 12
4210 11
4211 8
4212 12
4213 10
4214 8
4215 13
4216 15
4217 9
4218 12
4219 9
4220 11
4221 8
4222 8
4223 11
4224 14
4225 8
4226 9
4227 13
4228 11
4229 12
4230 14
4231 10
4232 13
4233 6
4234 11
4235 12
4236 7
4237 14
4238 10
4239 12
4240 10
4241 11
4242 13
4243 11
4244 12
4245 10
4246 12
4247 12
4248 14
4249 15
4250 12
4251 10
4252 11
4253 12
4254 11
4255 9
4256 8
4257 9
4258 12
4259 14
4260 11
4261 9
4262 10
4263 10
4264 15
4265 12
4266 13
4267 10
4268 10
4269 9
4270 12
4271 11
4272 11
4273 13
4274 14
4275 11
4276 7
4277 13
4278 10
4279 14
4280 14
4281 11
4282 8
4283 12
4284 11
4285 12
4286 9
4287 10
4288 13
4289 12
4290 12
4291 13
4292 9
4293 9
4294 7
4295 14
4296 12
4297 13
4298 12
4299 13
4300 8
4301 12
4302 8
4303 9
4304 13
4305 11
4306 9
4307 17
4308 10
4309 10
4310 13
4311 11
4312 11
4313 10
4314 7
4315 15
4316 8
4317 11
4318 10
4319 11
4320 11
4321 10
4322 6
4323 9
4324 13
4325 13
4326 8
4327 9
4328 12
4329 13
4330 11
4331 14
4332 10
4333 9
4334 12
4335 11
4336 10
4337 12
4338 10
4339 13
4340 12
4341 11
4342 12
4343 12
4344 9
4345 12
4346 11
4347 11
4348 9
4349 7
4350 15
4351 14
4352 6
4353 11
4354 13
4355 10
4356 13
4357 15
4358 11
4359 13
4360 9
4361 15
4362 12
4363 8
4364 10
4365 12
4366 10
4367 7
4368 11
4369 11
4370 11
4371 10
4372 14
4373 13
4374 10
4375 8
4376 10
4377 11
4378 8
4379 13
4380 10
4381 14
4382 12
4383 10
4384 12
4385 9
4386 12
4387 14
4388 9
4389 15
4390 8
4391 10
4392 11
4393 8
4394 12
4395 11
4396 11
4397 9
4398 12
4399 13
4400 11
4401 13
4402 12
4403 14
4404 14
4405 15
4406 15
4407 13
4408 17
4409 12
4410 11
4411 11
4412 11
4413 12
4414 10
4415 13
4416 11
4417 10
4418 8
4419 13
4420 10
4421 11
4422 10
4423 12
4424 10
4425 10
4426 15
4427 9
4428 9
4429 12
4430 12
4431 11
4432 14
4433 11
4434 9
4435 16
4436 10
4437 8
4438 14
4439 10
4440 13
4441 11
4442 13
4443 15
4444 11
4445 10
4446 11
4447 9
4448 11
4449 7
4450 8
4451 9
4452 13
4453 12
4454 11
4455 9
4456 8
4457 13
4458 11
4459 10
4460 14
4461 8
4462 12
4463 11
4464 12
4465 12
4466 13
4467 12
4468 12
4469 13
4470 13
4471 11
4472 11
4473 11
4474 13
4475 11
4476 13
4477 15
4478 16
4479 12
4480 15
4481 15
4482 10
4483 14
4484 15
4485 10
4486 13
4487 7
4488 11
4489 11
4490 9
4491 11
4492 12
4493 11
4494 9
4495 9
4496 9
4497 15
4498 10
4499 14
4500 12
4501 10
4502 11
4503 15
4504 11
4505 10
4506 9
4507 15
4508 12
4509 7
4510 14
4511 13
4512 6
4513 13
4514 11
4515 16
4516 11
4517 12
4518 13
4519 10
4520 10
4521 10
4522 9
4523 10
4524 9
4525 14
4526 8
4527 15
4528 13
4529 9
4530 10
4531 10
4532 10
4533 12
4534 11
4535 11
4536 11
4537 14
4538 11
4539 7
4540 11
4541 11
4542 10
4543 11
4544 17
4545 11
4546 10
4547 14
4548 9
4549 12
4550 14
4551 14
4552 11
4553 8
4554 14
4555 12
4556 11
4557 10
4558 11
4559 11
4560 10
4561 15
4562 11
4563 10
4564 11
4565 11
4566 12
4567 16
4568 16
4569 9
4570 10
4571 11
4572 9
4573 11
4574 12
4575 13
4576 8
4577 8
4578 8
4579 13
4580 12
4581 13
4582 10
4583 12
4584 12
4585 11
4586 13
4587 10
4588 10
4589 9
4590 8
4591 13
4592 12
4593 14
4594 11
4595 13
4596 12
4597 13
4598 9
4599 14
4600 17
4601 10
4602 12
4603 9
4604 13
4605 11
4606 15
4607 12
4608 15
4609 13
4610 9
4611 10
4612 10
4613 11
4614 10
4615 11
4616 12
4617 14
4618 9
4619 12
4620 13
4621 8
4622 13
4623 9
4624 12
4625 12
4626 11
4627 16
4628 12
4629 12
4630 10
4631 6
4632 12
4633 13
4634 13
4635 10
4636 11
4637 10
4638 11
4639 14
4640 12
4641 10
4642 14
4643 11
4644 11
4645 15
4646 10
4647 11
4648 11
4649 9
4650 11
4651 11
4652 10
4653 13
4654 12
4655 11
4656 11
4657 12
4658 12
4659 10
4660 14
4661 8
4662 14
4663 9
4664 11
4665 10
4666 13
4667 10
4668 8
4669 14
4670 13
4671 13
4672 8
4673 13
4674 12
4675 10
4676 8
4677 7
4678 16
4679 11
4680 12
4681 11
4682 13
4683 10
4684 12
4685 9
4686 10
4687 8
4688 13
4689 11
4690 11
4691 11
4692 6
4693 9
4694 17
4695 11
4696 13
4697 10
4698 9
4699 10
4700 13
4701 12
4702 9
4703 12
4704 11
4705 10
4706 12
4707 13
4708 7
4709 14
4710 9
4711 9
4712 12
4713 10
4714 13
4715 8
4716 10
4717 12
4718 8
4719 11
4720 13
4721 10
4722 13
4723 12
4724 9
4725 11
4726 11
4727 12
4728 13
4729 12
4730 17
4731 11
4732 13
4733 11
4734 13
4735 12
4736 11
4737 12
4738 9
4739 11
4740 13
4741 12
4742 12
4743 10
4744 14
4745 11
4746 11
4747 6
4748 10
4749 11
4750 13
4751 10
4752 12
4753 15
4754 12
4755 9
4756 6
4757 8
4758 10
4759 10
4760 11
4761 10
4762 10
4763 10
4764 15
4765 17
4766 11
4767 11
4768 12
4769 12
4770 11
4771 16
4772 9
4773 11
4774 11
4775 13
4776 9
4777 17
4778 7
4779 9
4780 14
4781 11
4782 13
4783 10
4784 13
4785 7
4786 10
4787 8
4788 15
4789 12
4790 13
4791 12
4792 12
4793 15
4794 10
4795 14
4796 12
4797 9
4798 11
4799 10
4800 13
4801 11
4802 8
4803 14
4804 7
4805 13
4806 13
4807 12
4808 11
4809 12
4810 10
4811 12
4812 11
4813 11
4814 8
4815 15
4816 19
4817 11
4818 11
4819 10
4820 12
4821 9
4822 12
4823 13
4824 9
4825 12
4826 8
4827 12
4828 12
4829 12
4830 10
4831 10
4832 15
4833 9
4834 14
4835 10
4836 11
4837 9
4838 9
4839 12
4840 11
4841 11
4842 9
4843 8
4844 8
4845 11
4846 8
4847 10
4848 8
4849 12
4850 9
4851 12
4852 11
4853 11
4854 11
4855 10
4856 13
4857 13
4858 11
4859 11
4860 10
4861 10
4862 16
4863 10
4864 11
4865 14
4866 11
4867 14
4868 12
4869 10
4870 10
4871 9
4872 12
4873 11
4874 9
4875 12
4876 14
4877 12
4878 17
4879 9
4880 10
4881 11
4882 8
4883 15
4884 9
4885 9
4886 12
4887 14
4888 13
4889 7
4890 9
4891 12
4892 10
4893 11
4894 12
4895 12
4896 14
4897 11
4898 11
4899 13
4900 11
4901 10
4902 10
4903 10
4904 10
4905 10
4906 11
4907 8
4908 10
4909 9
4910 13
4911 10
4912 15
4913 11
4914 15
4915 13
4916 12
4917 16
4918 12
4919 9
4920 11
4921 13
4922 13
4923 8
4924 14
4925 15
4926 9
4927 10
4928 10
4929 11
4930 13
4931 11
4932 14
4933 11
4934 11
4935 15
4936 13
4937 10
4938 11
4939 9
4940 11
4941 14
4942 14
4943 9
4944 6
4945 14
4946 11
4947 12
4948 10
4949 14
4950 11
4951 14
4952 13
4953 9
4954 10
4955 9
4956 12
4957 13
4958 14
4959 12
4960 12
4961 12
4962 13
4963 14
4964 12
4965 14
4966 14
4967 9
4968 10
4969 10
4970 12
4971 8
4972 9
4973 11
4974 14
4975 9
4976 8
4977 12
4978 12
4979 12
4980 10
4981 11
4982 13
4983 10
4984 15
4985 7
4986 10
4987 11
4988 12
4989 11
4990 8
4991 9
4992 11
4993 12
4994 14
4995 10
4996 10
4997 13
4998 10
4999 14
5000 10
