0 109
1 9
2 13
3 10
4 10
5 12
6 11
7 12
8 13
9 14
10 11
11 13
12 12
13 15
14 11
15 14
16 11
17 15
18 13
19 13
20 11
21 11
22 10
23 10
24 14
25 13
26 8
27 13
28 13
29 12
30 12
31 13
32 12
33 12
34 14
35 14
36 14
37 8
38 15
39 10
40 12
41 10
42 14
43 14
44 11
45 8
46 16
47 11
48 15
49 9
50 15
51 13
52 10
53 13
54 14
55 12
56 12
57 10
58 13
59 14
60 10
61 16
62 11
63 9
64 12
65 11
66 12
67 10
68 13
69 12
70 10
71 13
72 9
73 12
74 15
75 8
76 9
77 16
78 10
79 10
80 7
81 13
82 12
83 10
84 14
85 14
86 9
87 13
88 13
89 10
90 13
91 9
92 10
93 9
94 16
95 14
96 8
97 11
98 8
99 13
100 10
101 8
102 7
103 11
104 13
105 11
106 12
107 11
108 11
109 8
110 10
111 10
112 11
113 12
114 12
115 8
116 13
117 8
118 8
119 9
120 13
121 11
122 10
123 12
124 11
125 11
126 8
127 10
128 11
129 12
130 13
131 11
132 13
133 14
134 13
135 13
136 11
137 12
138 15
139 9
140 12
141 14
142 11
143 12
144 12
145 14
146 12
147 13
148 15
149 10
150 9
151 11
152 10
153 13
154 11
155 11
156 16
157 10
158 12
159 11
160 10
161 11
162 11
163 12
164 16
165 14
166 11
167 9
168 14
169 12
170 11
171 12
172 8
173 13
174 8
175 12
176 11
177 12
178 11
179 11
180 13
181 11
182 13
183 11
184 15
185 12
186 11
187 11
188 13
189 13
190 12
191 12
192 12
193 12
194 12
195 11
196 12
197 11
198 11
199 12
200 12
201 10
202 12
203 10
204 11
205 11
206 12
207 10
208 13
209 9
210 13
211 12
212 11
213 7
214 10
215 11
216 12
217 14
218 13
219 12
220 16
221 11
222 11
223 12
224 12
225 13
226 13
227 13
228 13
229 15
230 12
231 12
232 9
233 11
234 16
235 9
236 11
237 11
238 15
239 13
240 13
241 14
242 7
243 12
244 10
245 9
246 10
247 10
248 11
249 12
250 13
251 10
252 8
253 16
254 10
255 9
256 13
257 13
258 13
259 17
260 10
261 16
262 14
263 9
264 10
265 13
266 10
267 14
268 8
269 14
270 11
271 9
272 12
273 14
274 15
275 12
276 14
277 15
278 12
279 12
280 10
281 10
282 14
283 10
284 15
285 8
286 13
287 12
288 10
289 14
290 16
291 10
292 12
293 14
294 16
295 12
296 10
297 16
298 11
299 10
300 9
301 9
302 10
303 10
304 13
305 10
306 15
307 13
308 13
309 10
310 12
311 11
312 13
313 11
314 14
315 12
316 10
317 12
318 14
319 7
320 13
321 14
322 11
323 13
324 10
325 8
326 13
327 12
328 12
329 11
330 11
331 10
332 11
333 9
334 10
335 16
336 11
337 12
338 11
339 12
340 13
341 11
342 8
343 12
344 13
345 13
346 10
347 12
348 10
349 12
350 14
351 13
352 8
353 14
354 12
355 16
356 14
357 14
358 9
359 9
360 14
361 11
362 13
363 12
364 12
365 16
366 13
367 11
368 13
369 13
370 10
371 9
372 14
373 15
374 15
375 16
376 12
377 7
378 11
379 9
380 11
381 8
382 13
383 12
384 13
385 13
386 12
387 12
388 10
389 16
390 11
391 12
392 15
393 9
394 11
395 13
396 8
397 15
398 15
399 11
400 11
401 11
402 14
403 12
404 11
405 9
406 12
407 13
408 13
409 14
410 12
411 12
412 16
413 10
414 10
415 10
416 10
417 13
418 13
419 12
420 10
421 14
422 12
423 13
424 12
425 12
426 16
427 14
428 12
429 13
430 12
431 10
432 8
433 11
434 7
435 10
436 12
437 13
438 14
439 14
440 13
441 12
442 13
443 12
444 12
445 9
446 15
447 12
448 12
449 11
450 12
451 12
452 14
453 11
454 12
455 13
456 8
457 14
458 10
459 12
460 13
461 13
462 15
463 11
464 10
465 11
466 15
467 9
468 12
469 8
470 14
471 14
472 10
473 6
474 12
475 10
476 13
477 9
478 11
479 12
480 14
481 5
482 10
483 13
484 14
485 9
486 13
487 11
488 12
489 9
490 13
491 13
492 11
493 10
494 13
495 13
496 12
497 12
498 14
499 11
500 9
501 13
502 12
503 14
504 16
505 14
506 9
507 17
508 12
509 13
510 8
511 14
512 10
513 10
514 7
515 9
516 12
517 14
518 8
519 9
520 12
521 10
522 12
523 14
524 15
525 12
526 6
527 11
528 10
529 7
530 8
531 13
532 9
533 13
534 14
535 10
536 14
537 14
538 11
539 12
540 15
541 11
542 10
543 15
544 17
545 12
546 12
547 11
548 13
549 10
550 14
551 11
552 11
553 15
554 11
555 14
556 8
557 10
558 16
559 12
560 13
561 11
562 14
563 9
564 10
565 12
566 12
567 9
568 12
569 15
570 10
571 8
572 12
573 10
574 11
575 11
576 12
577 11
578 12
579 14
580 11
581 10
582 12
583 9
584 7
585 15
586 12
587 13
588 12
589 11
590 13
591 13
592 10
593 11
594 9
595 9
596 8
597 9
598 13
599 12
600 14
601 10
602 11
603 12
604 10
605 13
606 11
607 11
608 9
609 15
610 12
611 11
612 10
613 13
614 11
615 12
616 10
617 14
618 13
619 11
620 12
621 12
622 10
623 15
624 13
625 10
626 9
627 11
628 11
629 9
630 11
631 15
632 13
633 10
634 13
635 10
636 12
637 11
638 14
639 9
640 11
641 11
642 10
643 9
644 10
645 10
646 8
647 11
648 8
649 15
650 10
651 11
652 10
653 12
654 14
655 9
656 11
657 10
658 11
659 11
660 12
661 12
662 13
663 11
664 10
665 13
666 14
667 13
668 9
669 14
670 14
671 12
672 14
673 14
674 15
675 11
676 10
677 14
678 10
679 10
680 11
681 8
682 11
683 13
684 16
685 12
686 11
687 12
688 13
689 14
690 9
691 17
692 15
693 16
694 14
695 13
696 14
697 13
698 10
699 12
700 14
701 13
702 12
703 12
704 13
705 11
706 9
707 12
708 8
709 11
710 10
711 9
712 12
713 14
714 12
715 15
716 12
717 11
718 10
719 14
720 8
721 10
722 12
723 13
724 9
725 11
726 13
727 12
728 11
729 11
730 12
731 12
732 12
733 11
734 11
735 11
736 14
737 12
738 14
739 11
740 14
741 13
742 11
743 13
744 15
745 19
746 16
747 15
748 8
749 11
750 14
751 8
752 10
753 13
754 12
755 11
756 11
757 10
758 13
759 12
760 12
761 10
762 10
763 9
764 10
765 15
766 10
767 11
768 9
769 12
770 5
771 10
772 10
773 10
774 10
775 14
776 10
777 11
778 11
779 10
780 8
781 10
782 12
783 11
784 11
785 11
786 10
787 12
788 10
789 11
790 13
791 9
792 10
793 13
794 13
795 11
796 11
797 13
798 13
799 13
800 11
801 12
802 11
803 11
804 12
805 11
806 11
807 11
808 12
809 10
810 17
811 6
812 12
813 16
814 10
815 11
816 15
817 11
818 11
819 13
820 10
821 13
822 11
823 12
824 13
825 13
826 12
827 12
828 10
829 9
830 11
831 11
832 12
833 10
834 10
835 12
836 12
837 10
838 14
839 16
840 12
841 13
842 11
843 8
844 7
845 12
846 14
847 10
848 12
849 10
850 13
851 11
852 11
853 11
854 11
855 13
856 11
857 10
858 10
859 16
860 14
861 13
862 11
863 12
864 14
865 15
866 12
867 12
868 11
869 10
870 11
871 12
872 9
873 12
874 10
875 11
876 13
877 12
878 12
879 14
880 13
881 11
882 13
883 16
884 13
885 15
886 11
887 16
888 18
889 12
890 13
891 11
892 10
893 10
894 11
895 9
896 10
897 13
898 14
899 12
900 11
901 10
902 15
903 8
904 13
905 13
906 11
907 14
908 14
909 11
910 13
911 13
912 8
913 15
914 14
915 10
916 12
917 12
918 13
919 8
920 11
921 13
922 9
923 9
924 13
925 11
926 20
927 8
928 13
929 16
930 12
931 13
932 13
933 11
934 14
935 11
936 14
937 12
938 14
939 9
940 11
941 8
942 10
943 13
944 10
945 10
946 13
947 13
948 12
949 14
950 11
951 15
952 14
953 13
954 13
955 12
956 13
957 14
958 9
959 11
960 12
961 13
962 8
963 13
964 10
965 13
966 13
967 10
968 13
969 11
970 11
971 11
972 11
973 11
974 10
975 5
976 9
977 15
978 13
979 11
980 11
981 12
982 11
983 15
984 14
985 10
986 11
987 16
988 12
989 12
990 14
991 11
992 13
993 10
994 18
995 10
996 9
997 14
998 11
999 12
1000 12
1001 9
1002 14
1003 14
1004 9
1005 7
1006 12
1007 13
1008 16
1009 8
1010 12
1011 12
1012 7
1013 15
1014 9
1015 10
1016 15
1017 12
1018 12
1019 11
1020 9
1021 14
1022 14
1023 8
1024 13
1025 13
1026 13
1027 8
1028 11
1029 11
1030 14
1031 15
1032 9
1033 10
1034 12
1035 12
1036 14
1037 11
1038 12
1039 11
1040 15
1041 15
1042 11
1043 14
1044 13
1045 13
1046 13
1047 11
1048 13
1049 12
1050 11
1051 14
1052 9
1053 11
1054 13
1055 10
1056 7
1057 14
1058 10
1059 14
1060 13
1061 14
1062 15
1063 10
1064 16
1065 12
1066 17
1067 13
1068 15
1069 10
1070 13
1071 12
1072 10
1073 14
1074 13
1075 11
1076 12
1077 9
1078 10
1079 12
1080 12
1081 9
1082 13
1083 14
1084 10
1085 10
1086 14
1087 15
1088 12
1089 11
1090 8
1091 11
1092 13
1093 14
1094 14
1095 10
1096 11
1097 13
1098 12
1099 15
1100 12
1101 9
1102 16
1103 10
1104 12
1105 7
1106 9
1107 10
1108 13
1109 10
1110 9
1111 10
1112 10
1113 12
1114 12
1115 10
1116 13
1117 14
1118 11
1119 9
1120 13
1121 11
1122 9
1123 13
1124 11
1125 12
1126 15
1127 9
1128 13
1129 10
1130 10
1131 12
1132 11
1133 10
1134 9
1135 11
1136 16
1137 12
1138 11
1139 12
1140 13
1141 12
1142 12
1143 8
1144 10
1145 11
1146 12
1147 12
1148 10
1149 13
1150 11
1151 14
1152 11
1153 8
1154 10
1155 7
1156 13
1157 12
1158 12
1159 15
1160 12
1161 11
1162 10
1163 10
1164 10
1165 12
1166 9
1167 11
1168 9
1169 11
1170 11
1171 13
1172 13
1173 13
1174 13
1175 10
1176 10
1177 9
1178 10
1179 11
1180 13
1181 10
1182 14
1183 12
1184 11
1185 12
1186 9
1187 12
1188 8
1189 11
1190 12
1191 12
1192 13
1193 15
1194 15
1195 11
1196 10
1197 11
1198 12
1199 11
1200 13
1201 16
1202 4
1203 9
1204 15
1205 8
1206 10
1207 11
1208 10
1209 12
1210 11
1211 10
1212 11
1213 11
1214 9
1215 10
1216 16
1217 11
1218 10
1219 13
1220 9
1221 14
1222 12
1223 10
1224 9
1225 13
1226 11
1227 13
1228 10
1229 11
1230 12
1231 10
1232 10
1233 8
1234 14
1235 11
1236 12
1237 9
1238 14
1239 13
1240 12
1241 8
1242 9
1243 10
1244 10
1245 12
1246 16
1247 14
1248 10
1249 11
1250 11
1251 12
1252 12
1253 10
1254 11
1255 14
1256 13
1257 15
1258 11
1259 10
1260 12
1261 16
1262 15
1263 12
1264 10
1265 12
1266 12
1267 13
1268 9
1269 13
1270 13
1271 15
1272 14
1273 11
1274 18
1275 13
1276 12
1277 14
1278 11
1279 15
1280 17
1281 13
1282 13
1283 14
1284 12
1285 11
1286 14
1287 12
1288 11
1289 10
1290 7
1291 12
1292 10
1293 12
1294 9
1295 9
1296 12
1297 12
1298 15
1299 9
1300 11
1301 15
1302 11
1303 15
1304 14
1305 15
1306 13
1307 12
1308 13
1309 10
1310 13
1311 8
1312 9
1313 11
1314 10
1315 14
1316 13
1317 12
1318 10
1319 12
1320 13
1321 10
1322 10
1323 13
1324 14
1325 12
1326 15
1327 10
1328 11
1329 7
1330 18
1331 7
1332 7
1333 10
1334 7
1335 11
1336 10
1337 18
1338 13
1339 14
1340 14
1341 7
1342 10
1343 13
1344 13
1345 11
1346 14
1347 13
1348 15
1349 11
1350 12
1351 11
1352 15
1353 10
1354 12
1355 14
1356 12
1357 13
1358 13
1359 12
1360 12
1361 13
1362 9
1363 12
1364 11
1365 11
1366 10
1367 13
1368 15
1369 11
1370 10
1371 12
1372 15
1373 13
1374 8
1375 15
1376 8
1377 11
1378 11
1379 9
1380 9
1381 11
1382 12
1383 14
1384 11
1385 9
1386 16
1387 9
1388 15
1389 9
1390 9
1391 10
1392 14
1393 11
1394 12
1395 12
1396 8
1397 14
1398 15
1399 13
1400 12
1401 9
1402 10
1403 11
1404 12
1405 14
1406 9
1407 12
1408 12
1409 12
1410 12
1411 10
1412 12
1413 12
1414 14
1415 10
1416 13
1417 9
1418 13
1419 8
1420 16
1421 13
1422 11
1423 13
1424 12
1425 13
1426 13
1427 14
1428 13
1429 12
1430 16
1431 13
1432 10
1433 12
1434 9
1435 11
1436 9
1437 8
1438 10
1439 10
1440 10
1441 14
1442 15
1443 10
1444 15
1445 11
1446 15
1447 13
1448 11
1449 11
1450 14
1451 11
1452 12
1453 14
1454 15
1455 13
1456 11
1457 8
1458 10
1459 11
1460 11
1461 11
1462 11
1463 11
1464 12
1465 10
1466 13
1467 14
1468 12
1469 11
1470 14
1471 13
1472 10
1473 12
1474 12
1475 12
1476 11
1477 16
1478 14
1479 11
1480 11
1481 12
1482 12
1483 13
1484 12
1485 12
1486 13
1487 12
1488 9
1489 14
1490 13
1491 10
1492 15
1493 13
1494 11
1495 11
1496 9
1497 11
1498 8
1499 12
1500 15
1501 12
1502 13
1503 15
1504 11
1505 13
1506 13
1507 13
1508 6
1509 10
1510 13
1511 10
1512 10
1513 10
1514 15
1515 15
1516 16
1517 13
1518 16
1519 15
1520 13
1521 9
1522 15
1523 13
1524 12
1525 11
1526 11
1527 14
1528 8
1529 10
1530 12
1531 13
1532 13
1533 7
1534 12
1535 12
1536 14
1537 13
1538 12
1539 15
1540 13
1541 17
1542 11
1543 10
1544 11
1545 12
1546 12
1547 11
1548 14
1549 12
1550 12
1551 12
1552 5
1553 12
1554 16
1555 11
1556 15
1557 12
1558 11
1559 15
1560 14
1561 10
1562 9
1563 9
1564 14
1565 11
1566 14
1567 10
1568 13
1569 10
1570 12
1571 10
1572 13
1573 9
1574 14
1575 12
1576 12
1577 15
1578 8
1579 11
1580 11
1581 12
1582 12
1583 10
1584 12
1585 13
1586 9
1587 13
1588 11
1589 9
1590 7
1591 12
1592 6
1593 14
1594 11
1595 12
1596 10
1597 12
1598 12
1599 9
1600 11
1601 11
1602 10
1603 12
1604 12
1605 11
1606 13
1607 10
1608 12
1609 6
1610 12
1611 9
1612 9
1613 8
1614 11
1615 12
1616 11
1617 16
1618 14
1619 11
1620 12
1621 10
1622 11
1623 12
1624 13
1625 12
1626 10
1627 9
1628 8
1629 14
1630 16
1631 11
1632 12
1633 12
1634 11
1635 13
1636 12
1637 12
1638 10
1639 15
1640 13
1641 14
1642 12
1643 13
1644 9
1645 12
1646 13
1647 9
1648 8
1649 14
1650 12
1651 8
1652 8
1653 12
1654 14
1655 13
1656 10
1657 13
1658 12
1659 11
1660 16
1661 12
1662 11
1663 13
1664 15
1665 14
1666 14
1667 14
1668 8
1669 10
1670 9
1671 9
1672 10
1673 14
1674 10
1675 5
1676 13
1677 10
1678 12
1679 10
1680 10
1681 12
1682 11
1683 13
1684 10
1685 13
1686 11
1687 11
1688 12
1689 11
1690 10
1691 14
1692 9
1693 18
1694 12
1695 12
1696 13
1697 12
1698 9
1699 11
1700 13
1701 15
1702 10
1703 11
1704 13
1705 11
1706 14
1707 12
1708 8
1709 11
1710 11
1711 8
1712 13
1713 15
1714 10
1715 12
1716 10
1717 12
1718 12
1719 11
1720 12
1721 11
1722 8
1723 12
1724 13
1725 12
1726 5
1727 11
1728 14
1729 10
1730 11
1731 13
1732 12
1733 15
1734 15
1735 12
1736 12
1737 10
1738 15
1739 9
1740 12
1741 12
1742 10
1743 11
1744 10
1745 8
1746 14
1747 11
1748 13
1749 14
1750 11
1751 11
1752 12
1753 12
1754 14
1755 8
1756 10
1757 13
1758 16
1759 8
1760 13
1761 13
1762 11
1763 11
1764 11
1765 12
1766 11
1767 11
1768 10
1769 10
1770 11
1771 7
1772 14
1773 12
1774 12
1775 10
1776 14
1777 13
1778 12
1779 9
1780 13
1781 11
1782 16
1783 10
1784 12
1785 11
1786 11
1787 11
1788 9
1789 9
1790 12
1791 13
1792 12
1793 9
1794 12
1795 9
1796 13
1797 11
1798 13
1799 18
1800 11
1801 15
1802 13
1803 12
1804 10
1805 11
1806 15
1807 8
1808 11
1809 12
1810 14
1811 10
1812 11
1813 9
1814 9
1815 16
1816 9
1817 10
1818 12
1819 12
1820 16
1821 13
1822 16
1823 16
1824 11
1825 13
1826 9
1827 11
1828 12
1829 18
1830 11
1831 14
1832 11
1833 12
1834 12
1835 11
1836 12
1837 9
1838 9
1839 12
1840 10
1841 13
1842 11
1843 13
1844 11
1845 6
1846 16
1847 9
1848 8
1849 8
1850 14
1851 12
1852 9
1853 11
1854 11
1855 14
1856 10
1857 6
1858 13
1859 17
1860 13
1861 10
1862 12
1863 13
1864 12
1865 10
1866 10
1867 13
1868 12
1869 12
1870 8
1871 9
1872 8
1873 9
1874 14
1875 14
1876 8
1877 7
1878 12
1879 11
1880 12
1881 10
1882 11
1883 12
1884 10
1885 12
1886 12
1887 9
1888 10
1889 14
1890 12
1891 12
1892 14
1893 13
1894 14
1895 11
1896 12
1897 12
1898 10
1899 11
1900 14
1901 14
1902 12
1903 10
1904 12
1905 14
1906 9
1907 12
1908 12
1909 13
1910 13
1911 13
1912 12
1913 14
1914 14
1915 11
1916 11
1917 16
1918 8
1919 11
1920 11
1921 10
1922 13
1923 14
1924 9
1925 13
1926 13
1927 10
1928 13
1929 12
1930 11
1931 12
1932 13
1933 14
1934 12
1935 12
1936 12
1937 10
1938 11
1939 11
1940 15
1941 14
1942 7
1943 12
1944 14
1945 14
1946 11
1947 15
1948 11
1949 13
1950 14
1951 13
1952 13
1953 11
1954 11
1955 12
1956 12
1957 12
1958 13
1959 13
1960 10
1961 10
1962 9
1963 10
1964 10
1965 14
1966 8
1967 14
1968 11
1969 13
1970 9
1971 14
1972 11
1973 13
1974 12
1975 13
1976 15
1977 10
1978 12
1979 11
1980 9
1981 13
1982 15
1983 11
1984 14
1985 13
1986 12
1987 11
1988 12
1989 13
1990 13
1991 15
1992 16
1993 11
1994 13
1995 13
1996 11
1997 11
1998 11
1999 15
2000 6
2001 11
2002 11
2003 9
2004 9
2005 8
2006 15
2007 13
2008 13
2009 11
2010 12
2011 12
2012 14
2013 13
2014 9
2015 12
2016 12
2017 14
2018 11
2019 15
2020 9
2021 15
2022 13
2023 13
2024 11
2025 12
2026 11
2027 11
2028 15
2029 9
2030 15
2031 10
2032 11
2033 14
2034 14
2035 11
2036 10
2037 12
2038 16
2039 8
2040 10
2041 11
2042 10
2043 15
2044 12
2045 12
2046 12
2047 13
2048 10
2049 15
2050 13
2051 10
2052 14
2053 15
2054 12
2055 12
2056 10
2057 13
2058 8
2059 12
2060 8
2061 12
2062 13
2063 15
2064 14
2065 14
2066 11
2067 13
2068 15
2069 10
2070 10
2071 13
2072 11
2073 13
2074 11
2075 8
2076 10
2077 15
2078 14
2079 13
2080 12
2081 14
2082 9
2083 14
2084 10
2085 12
2086 11
2087 11
2088 11
2089 15
2090 12
2091 13
2092 13
2093 14
2094 11
2095 12
2096 6
2097 10
2098 10
2099 7
2100 9
2101 10
2102 9
2103 7
2104 13
2105 12
2106 10
2107 14
2108 10
2109 8
2110 11
2111 9
2112 16
2113 13
2114 9
2115 12
2116 15
2117 14
2118 9
2119 11
2120 10
2121 15
2122 14
2123 15
2124 11
2125 11
2126 13
2127 14
2128 13
2129 10
2130 8
2131 12
2132 13
2133 8
2134 11
2135 14
2136 9
2137 12
2138 12
2139 17
2140 10
2141 11
2142 9
2143 10
2144 11
2145 10
2146 8
2147 10
2148 13
2149 13
2150 9
2151 12
2152 15
2153 15
2154 12
2155 11
2156 13
2157 7
2158 13
2159 12
2160 8
2161 11
2162 11
2163 13
2164 12
2165 13
2166 12
2167 13
2168 10
2169 15
2170 13
2171 13
2172 8
2173 13
2174 12
2175 8
2176 12
2177 13
2178 12
2179 8
2180 13
2181 11
2182 13
2183 13
2184 13
2185 12
2186 9
2187 15
2188 15
2189 10
2190 12
2191 13
2192 15
2193 12
2194 14
2195 12
2196 11
2197 10
2198 13
2199 12
2200 16
2201 12
2202 11
2203 15
2204 13
2205 10
2206 14
2207 11
2208 15
2209 14
2210 10
2211 10
2212 13
2213 8
2214 11
2215 11
2216 19
2217 15
2218 10
2219 8
2220 8
2221 13
2222 13
2223 8
2224 11
2225 11
2226 11
2227 6
2228 12
2229 12
2230 13
2231 12
2232 10
2233 13
2234 13
2235 10
2236 16
2237 12
2238 10
2239 9
2240 14
2241 9
2242 10
2243 11
2244 11
2245 12
2246 9
2247 12
2248 12
2249 11
2250 14
2251 14
2252 18
2253 12
2254 13
2255 10
2256 12
2257 13
2258 12
2259 9
2260 10
2261 12
2262 9
2263 13
2264 10
2265 15
2266 14
2267 14
2268 11
2269 12
2270 12
2271 13
2272 10
2273 15
2274 11
2275 21
2276 12
2277 16
2278 10
2279 12
2280 12
2281 11
2282 12
2283 9
2284 11
2285 16
2286 10
2287 7
2288 10
2289 14
2290 13
2291 14
2292 14
2293 9
2294 10
2295 12
2296 10
2297 13
2298 13
2299 11
2300 16
2301 14
2302 12
2303 13
2304 12
2305 16
2306 11
2307 11
2308 14
2309 9
2310 11
2311 11
2312 11
2313 10
2314 8
2315 13
2316 13
2317 12
2318 10
2319 13
2320 13
2321 14
2322 11
2323 12
2324 11
2325 13
2326 15
2327 9
2328 12
2329 12
2330 15
2331 12
2332 16
2333 8
2334 11
2335 17
2336 9
2337 9
2338 11
2339 9
2340 15
2341 13
2342 11
2343 13
2344 15
2345 11
2346 13
2347 12
2348 13
2349 9
2350 13
2351 9
2352 12
2353 12
2354 15
2355 14
2356 13
2357 7
2358 10
2359 15
2360 14
2361 14
2362 10
2363 13
2364 10
2365 17
2366 14
2367 15
2368 13
2369 5
2370 10
2371 11
2372 10
2373 11
2374 12
2375 10
2376 11
2377 14
2378 11
2379 11
2380 12
2381 13
2382 11
2383 12
2384 10
2385 13
2386 15
2387 11
2388 14
2389 12
2390 10
2391 12
2392 14
2393 10
2394 13
2395 15
2396 13
2397 12
2398 11
2399 12
2400 12
2401 14
2402 13
2403 13
2404 12
2405 12
2406 15
2407 11
2408 11
2409 11
2410 10
2411 10
2412 14
2413 10
2414 13
2415 15
2416 12
2417 12
2418 9
2419 10
2420 13
2421 12
2422 15
2423 12
2424 13
2425 9
2426 12
2427 9
2428 10
2429 15
2430 16
2431 13
2432 12
2433 14
2434 14
2435 13
2436 13
2437 13
2438 13
2439 11
2440 12
2441 12
2442 6
2443 11
2444 11
2445 9
2446 16
2447 12
2448 12
2449 13
2450 10
2451 13
2452 11
2453 8
2454 9
2455 13
2456 9
2457 16
2458 9
2459 16
2460 12
2461 15
2462 12
2463 11
2464 11
2465 13
2466 11
2467 12
2468 11
2469 14
2470 12
2471 11
2472 14
2473 15
2474 16
2475 12
2476 14
2477 14
2478 12
2479 16
2480 11
2481 8
2482 13
2483 13
2484 15
2485 10
2486 11
2487 14
2488 12
2489 12
2490 15
2491 11
2492 12
2493 9
2494 10
2495 7
2496 12
2497 13
2498 12
2499 11
2500 9
2501 9
2502 10
2503 16
2504 9
2505 12
2506 12
2507 8
2508 11
2509 13
2510 16
2511 12
2512 11
2513 12
2514 12
2515 13
2516 12
2517 9
2518 11
2519 14
2520 12
2521 14
2522 12
2523 10
2524 12
2525 9
2526 11
2527 14
2528 14
2529 10
2530 6
2531 12
2532 11
2533 14
2534 13
2535 12
2536 12
2537 16
2538 8
2539 12
2540 11
2541 11
2542 10
2543 12
2544 7
2545 13
2546 8
2547 10
2548 13
2549 13
2550 11
2551 12
2552 11
2553 9
2554 11
2555 8
2556 14
2557 13
2558 14
2559 10
2560 10
2561 9
2562 9
2563 9
2564 11
2565 16
2566 11
2567 9
2568 8
2569 11
2570 11
2571 11
2572 15
2573 9
2574 14
2575 11
2576 11
2577 12
2578 11
2579 12
2580 14
2581 12
2582 12
2583 11
2584 11
2585 13
2586 6
2587 15
2588 11
2589 11
2590 14
2591 10
2592 15
2593 7
2594 10
2595 10
2596 11
2597 13
2598 15
2599 13
2600 15
2601 11
2602 11
2603 12
2604 12
2605 15
2606 10
2607 11
2608 10
2609 14
2610 10
2611 12
2612 10
2613 15
2614 12
2615 15
2616 12
2617 10
2618 11
2619 11
2620 12
2621 12
2622 8
2623 10
2624 13
2625 13
2626 8
2627 13
2628 11
2629 12
2630 14
2631 15
2632 15
2633 11
2634 12
2635 13
2636 11
2637 14
2638 9
2639 14
2640 15
2641 14
2642 13
2643 15
2644 10
2645 9
2646 9
2647 10
2648 13
2649 12
2650 7
2651 12
2652 12
2653 11
2654 13
2655 10
2656 10
2657 9
2658 7
2659 9
2660 13
2661 11
2662 7
2663 14
2664 14
2665 12
2666 10
2667 8
2668 11
2669 10
2670 9
2671 8
2672 8
2673 10
2674 12
2675 17
2676 11
2677 10
2678 12
2679 11
2680 14
2681 11
2682 12
2683 7
2684 7
2685 9
2686 11
2687 12
2688 15
2689 9
2690 11
2691 16
2692 10
2693 9
2694 10
2695 15
2696 8
2697 8
2698 11
2699 13
2700 14
2701 12
2702 15
2703 12
2704 12
2705 13
2706 13
2707 12
2708 14
2709 11
2710 12
2711 13
2712 11
2713 11
2714 12
2715 9
2716 12
2717 13
2718 9
2719 13
2720 13
2721 13
2722 12
2723 13
2724 10
2725 13
2726 10
2727 10
2728 13
2729 11
2730 12
2731 13
2732 14
2733 14
2734 12
2735 11
2736 14
2737 14
2738 11
2739 10
2740 8
2741 11
2742 8
2743 14
2744 14
2745 13
2746 16
2747 10
2748 12
2749 13
2750 14
2751 12
2752 9
2753 9
2754 9
2755 16
2756 13
2757 12
2758 15
2759 14
2760 11
2761 13
2762 9
2763 12
2764 11
2765 11
2766 12
2767 13
2768 12
2769 12
2770 11
2771 11
2772 14
2773 6
2774 10
2775 14
2776 13
2777 11
2778 9
2779 13
2780 10
2781 13
2782 15
2783 15
2784 12
2785 9
2786 8
2787 10
2788 9
2789 12
2790 13
2791 11
2792 10
2793 8
2794 9
2795 12
2796 12
2797 7
2798 9
2799 13
2800 15
2801 12
2802 11
2803 10
2804 7
2805 12
2806 15
2807 13
2808 11
2809 12
2810 12
2811 14
2812 12
2813 12
2814 7
2815 9
2816 8
2817 16
2818 15
2819 10
2820 11
2821 13
2822 13
2823 10
2824 12
2825 12
2826 14
2827 11
2828 13
2829 11
2830 11
2831 14
2832 8
2833 11
2834 17
2835 11
2836 17
2837 12
2838 12
2839 13
2840 13
2841 11
2842 12
2843 13
2844 13
2845 12
2846 9
2847 13
2848 11
2849 11
2850 12
2851 11
2852 11
2853 8
2854 12
2855 13
2856 13
2857 9
2858 10
2859 15
2860 15
2861 14
2862 13
2863 9
2864 14
2865 11
2866 7
2867 10
2868 10
2869 13
2870 10
2871 10
2872 11
2873 10
2874 12
2875 14
2876 11
2877 9
2878 12
2879 11
2880 12
2881 7
2882 14
2883 8
2884 15
2885 9
2886 15
2887 14
2888 10
2889 15
2890 13
2891 9
2892 11
2893 12
2894 12
2895 13
2896 12
2897 11
2898 9
2899 13
2900 9
2901 12
2902 8
2903 10
2904 9
2905 12
2906 11
2907 11
2908 14
2909 14
2910 11
2911 13
2912 12
2913 10
2914 15
2915 9
2916 11
2917 12
2918 11
2919 12
2920 11
2921 12
2922 13
2923 12
2924 11
2925 12
2926 13
2927 10
2928 9
2929 14
2930 12
2931 8
2932 13
2933 9
2934 11
2935 13
2936 11
2937 10
2938 16
2939 10
2940 11
2941 13
2942 9
2943 11
2944 15
2945 13
2946 13
2947 13
2948 11
2949 9
2950 13
2951 10
2952 14
2953 9
2954 9
2955 17
2956 11
2957 14
2958 13
2959 12
2960 11
2961 13
2962 9
2963 13
2964 13
2965 15
2966 13
2967 11
2968 13
2969 15
2970 11
2971 13
2972 11
2973 15
2974 12
2975 13
2976 11
2977 10
2978 15
2979 15
2980 11
2981 12
2982 13
2983 13
2984 7
2985 10
2986 13
2987 9
2988 17
2989 12
2990 9
2991 10
2992 10
2993 8
2994 11
2995 9
2996 14
2997 12
2998 11
2999 14
3000 12
3001 7
3002 13
3003 13
3004 10
3005 14
3006 8
3007 11
3008 10
3009 13
3010 10
3011 10
3012 9
3013 13
3014 14
3015 8
3016 9
3017 11
3018 10
3019 11
3020 11
3021 11
3022 12
3023 13
3024 11
3025 11
3026 10
3027 11
3028 12
3029 14
3030 13
3031 13
3032 16
3033 9
3034 10
3035 7
3036 13
3037 10
3038 13
3039 13
3040 16
3041 11
3042 14
3043 11
3044 8
3045 11
3046 10
3047 11
3048 10
3049 13
3050 12
3051 13
3052 14
3053 12
3054 12
3055 14
3056 11
3057 9
3058 12
3059 10
3060 11
3061 15
3062 15
3063 15
3064 14
3065 12
3066 11
3067 14
3068 13
3069 11
3070 12
3071 10
3072 9
3073 13
3074 10
3075 12
3076 8
3077 11
3078 14
3079 9
3080 13
3081 11
3082 11
3083 11
3084 13
3085 13
3086 13
3087 11
3088 13
3089 10
3090 9
3091 10
3092 10
3093 12
3094 10
3095 9
3096 12
3097 10
3098 13
3099 13
3100 11
3101 10
3102 15
3103 10
3104 16
3105 15
3106 12
3107 13
3108 11
3109 13
3110 10
3111 8
3112 8
3113 13
3114 11
3115 10
3116 11
3117 12
3118 15
3119 11
3120 10
3121 16
3122 15
3123 9
3124 12
3125 12
3126 9
3127 11
3128 14
3129 15
3130 12
3131 17
3132 14
3133 12
3134 15
3135 11
3136 12
3137 13
3138 10
3139 12
3140 10
3141 8
3142 12
3143 11
3144 10
3145 10
3146 14
3147 12
3148 7
3149 12
3150 10
3151 9
3152 11
3153 7
3154 14
3155 15
3156 9
3157 7
3158 7
3159 9
3160 12
3161 11
3162 13
3163 11
3164 12
3165 12
3166 11
3167 9
3168 10
3169 12
3170 12
3171 12
3172 12
3173 14
3174 9
3175 9
3176 11
3177 11
3178 11
3179 11
3180 11
3181 12
3182 10
3183 8
3184 11
3185 9
3186 10
3187 10
3188 13
3189 9
3190 12
3191 9
3192 13
3193 13
3194 12
3195 11
3196 12
3197 11
3198 12
3199 15
3200 16
3201 13
3202 10
3203 8
3204 12
3205 10
3206 13
3207 11
3208 11
3209 16
3210 12
3211 12
3212 12
3213 10
3214 13
3215 12
3216 14
3217 11
3218 10
3219 11
3220 14
3221 14
3222 13
3223 16
3224 13
3225 15
3226 13
3227 13
3228 16
3229 8
3230 12
3231 10
3232 9
3233 10
3234 12
3235 12
3236 16
3237 14
3238 15
3239 14
3240 14
3241 10
3242 10
3243 10
3244 13
3245 11
3246 14
3247 13
3248 9
3249 14
3250 12
3251 14
3252 13
3253 13
3254 12
3255 12
3256 15
3257 13
3258 13
3259 14
3260 8
3261 12
3262 10
3263 10
3264 13
3265 11
3266 12
3267 12
3268 9
3269 13
3270 13
3271 10
3272 16
3273 14
3274 12
3275 11
3276 14
3277 11
3278 12
3279 13
3280 9
3281 7
3282 10
3283 9
3284 14
3285 13
3286 14
3287 8
3288 14
3289 8
3290 13
3291 11
3292 14
3293 10
3294 11
3295 13
3296 15
3297 13
3298 12
3299 13
3300 13
3301 12
3302 10
3303 11
3304 10
3305 9
3306 14
3307 10
3308 11
3309 12
3310 11
3311 10
3312 12
3313 10
3314 12
3315 12
3316 15
3317 17
3318 13
3319 12
3320 16
3321 11
3322 9
3323 10
3324 14
3325 16
3326 13
3327 13
3328 10
3329 10
3330 12
3331 11
3332 12
3333 13
3334 13
3335 15
3336 15
3337 13
3338 11
3339 13
3340 11
3341 14
3342 6
3343 12
3344 8
3345 12
3346 10
3347 11
3348 9
3349 12
3350 15
3351 13
3352 13
3353 10
3354 10
3355 10
3356 13
3357 12
3358 10
3359 12
3360 14
3361 12
3362 13
3363 13
3364 11
3365 14
3366 14
3367 12
3368 12
3369 14
3370 9
3371 13
3372 10
3373 11
3374 16
3375 16
3376 14
3377 12
3378 9
3379 11
3380 11
3381 9
3382 10
3383 14
3384 12
3385 13
3386 9
3387 17
3388 14
3389 12
3390 12
3391 12
3392 12
3393 12
3394 12
3395 10
3396 9
3397 14
3398 10
3399 10
3400 11
3401 9
3402 15
3403 11
3404 12
3405 13
3406 14
3407 17
3408 12
3409 15
3410 11
3411 12
3412 9
3413 13
3414 11
3415 14
3416 10
3417 13
3418 12
3419 13
3420 16
3421 15
3422 14
3423 12
3424 11
3425 11
3426 15
3427 11
3428 13
3429 14
3430 15
3431 11
3432 9
3433 13
3434 13
3435 12
3436 13
3437 8
3438 15
3439 10
3440 9
3441 11
3442 10
3443 13
3444 10
3445 13
3446 14
3447 11
3448 12
3449 11
3450 11
3451 10
3452 12
3453 9
3454 8
3455 15
3456 12
3457 11
3458 10
3459 8
3460 12
3461 10
3462 9
3463 14
3464 12
3465 11
3466 14
3467 14
3468 14
3469 9
3470 13
3471 15
3472 10
3473 13
3474 12
3475 13
3476 11
3477 11
3478 12
3479 13
3480 10
3481 11
3482 10
3483 11
3484 15
3485 9
3486 13
3487 14
3488 8
3489 12
3490 12
3491 8
3492 9
3493 13
3494 14
3495 12
3496 10
3497 13
3498 14
3499 16
3500 11
3501 8
3502 13
3503 11
3504 12
3505 12
3506 10
3507 9
3508 14
3509 11
3510 15
3511 11
3512 11
3513 12
3514 13
3515 11
3516 13
3517 10
3518 10
3519 14
3520 9
3521 11
3522 12
3523 10
3524 11
3525 14
3526 14
3527 14
3528 11
3529 11
3530 13
3531 8
3532 12
3533 8
3534 9
3535 10
3536 13
3537 16
3538 12
3539 13
3540 12
3541 9
3542 12
3543 12
3544 10
3545 13
3546 10
3547 9
3548 9
3549 11
3550 11
3551 15
3552 13
3553 9
3554 12
3555 13
3556 9
3557 11
3558 11
3559 11
3560 10
3561 11
3562 11
3563 14
3564 12
3565 11
3566 12
3567 10
3568 9
3569 13
3570 11
3571 11
3572 13
3573 9
3574 15
3575 11
3576 16
3577 11
3578 13
3579 11
3580 14
3581 14
3582 15
3583 10
3584 14
3585 10
3586 15
3587 12
3588 12
3589 11
3590 10
3591 12
3592 14
3593 12
3594 13
3595 11
3596 11
3597 15
3598 12
3599 12
3600 12
3601 16
3602 10
3603 10
3604 11
3605 9
3606 14
3607 11
3608 13
3609 12
3610 12
3611 15
3612 12
3613 14
3614 6
3615 13
3616 13
3617 12
3618 12
3619 9
3620 13
3621 10
3622 12
3623 11
3624 10
3625 9
3626 14
3627 12
3628 10
3629 11
3630 12
3631 14
3632 15
3633 11
3634 7
3635 10
3636 11
3637 8
3638 10
3639 11
3640 11
3641 10
3642 10
3643 10
3644 13
3645 11
3646 13
3647 10
3648 15
3649 10
3650 10
3651 11
3652 15
3653 15
3654 13
3655 13
3656 12
3657 13
3658 12
3659 13
3660 15
3661 12
3662 13
3663 15
3664 13
3665 14
3666 12
3667 13
3668 14
3669 12
3670 12
3671 11
3672 13
3673 14
3674 7
3675 11
3676 15
3677 16
3678 11
3679 15
3680 11
3681 11
3682 11
3683 12
3684 12
3685 15
3686 10
3687 12
3688 13
3689 13
3690 13
3691 13
3692 17
3693 13
3694 12
3695 16
3696 11
3697 9
3698 9
3699 13
3700 14
3701 12
3702 9
3703 12
3704 10
3705 12
3706 11
3707 6
3708 8
3709 12
3710 9
3711 12
3712 8
3713 15
3714 11
3715 15
3716 12
3717 10
3718 12
3719 10
3720 11
3721 11
3722 10
3723 14
3724 16
3725 10
3726 9
3727 12
3728 11
3729 12
3730 13
3731 12
3732 11
3733 10
3734 10
3735 10
3736 12
3737 11
3738 12
3739 15
3740 10
3741 10
3742 10
3743 15
3744 14
3745 12
3746 13
3747 12
3748 7
3749 12
3750 18
3751 12
3752 14
3753 10
3754 11
3755 12
3756 11
3757 12
3758 13
3759 13
3760 10
3761 12
3762 11
3763 13
3764 8
3765 14
3766 12
3767 10
3768 11
3769 10
3770 11
3771 13
3772 9
3773 13
3774 13
3775 15
3776 12
3777 9
3778 14
3779 8
3780 8
3781 11
3782 16
3783 8
3784 8
3785 10
3786 14
3787 14
3788 11
3789 10
3790 10
3791 11
3792 12
3793 8
3794 12
3795 14
3796 13
3797 10
3798 10
3799 10
3800 8
3801 11
3802 14
3803 13
3804 7
3805 10
3806 11
3807 13
3808 7
3809 15
3810 9
3811 8
3812 12
3813 11
3814 13
3815 12
3816 13
3817 12
3818 15
3819 13
3820 14
3821 14
3822 13
3823 13
3824 17
3825 15
3826 13
3827 15
3828 15
3829 10
3830 14
3831 14
3832 11
3833 10
3834 7
3835 11
3836 12
3837 12
3838 14
3839 16
3840 12
3841 12
3842 13
3843 14
3844 12
3845 7
3846 15
3847 14
3848 14
3849 12
3850 12
3851 10
3852 13
3853 9
3854 12
3855 11
3856 11
3857 11
3858 11
3859 9
3860 12
3861 11
3862 12
3863 13
3864 13
3865 13
3866 10
3867 13
3868 10
3869 8
3870 12
3871 10
3872 14
3873 8
3874 11
3875 12
3876 11
3877 10
3878 15
3879 10
3880 11
3881 13
3882 10
3883 7
3884 15
3885 9
3886 13
3887 13
3888 12
3889 9
3890 14
3891 13
3892 9
3893 15
3894 13
3895 11
3896 14
3897 11
3898 10
3899 11
3900 15
3901 10
3902 11
3903 13
3904 10
3905 15
3906 11
3907 11
3908 10
3909 14
3910 14
3911 11
3912 12
3913 13
3914 12
3915 12
3916 13
3917 14
3918 9
3919 11
3920 11
3921 10
3922 15
3923 12
3924 11
3925 12
3926 13
3927 12
3928 10
3929 10
3930 14
3931 12
3932 12
3933 9
3934 12
3935 13
3936 14
3937 14
3938 13
3939 9
3940 8
3941 10
3942 8
3943 16
3944 13
3945 10
3946 13
3947 11
3948 12
3949 9
3950 7
3951 11
3952 14
3953 8
3954 10
3955 14
3956 14
3957 10
3958 15
3959 14
3960 14
3961 12
3962 14
3963 15
3964 9
3965 12
3966 12
3967 17
3968 13
3969 12
3970 9
3971 7
3972 14
3973 15
3974 12
3975 12
3976 11
3977 9
3978 10
3979 11
3980 13
3981 11
3982 14
3983 11
3984 17
3985 12
3986 9
3987 7
3988 13
3989 14
3990 12
3991 12
3992 11
3993 12
3994 10
3995 15
3996 12
3997 12
3998 14
3999 12
4000 15
4001 16
4002 9
4003 11
4004 12
4005 12
4006 12
4007 9
4008 15
4009 8
4010 11
4011 13
4012 15
4013 9
4014 12
4015 12
4016 11
4017 10
4018 11
4019 9
4020 11
4021 16
4022 11
4023 13
4024 12
4025 9
4026 11
4027 12
4028 13
4029 10
4030 11
4031 12
4032 9
4033 11
4034 12
4035 14
4036 8
4037 15
4038 13
4039 9
4040 10
4041 11
4042 11
4043 11
4044 14
4045 12
4046 11
4047 12
4048 9
4049 13
4050 6
4051 9
4052 10
4053 13
4054 12
4055 18
4056 12
4057 9
4058 14
4059 13
4060 11
4061 15
4062 10
4063 13
4064 14
4065 8
4066 10
4067 12
4068 14
4069 9
4070 13
4071 8
4072 10
4073 13
4074 15
4075 9
4076 10
4077 15
4078 9
4079 11
4080 11
4081 8
4082 10
4083 11
4084 9
4085 13
4086 12
4087 12
4088 11
4089 9
4090 13
4091 10
4092 13
4093 14
4094 12
4095 15
4096 12
4097 12
4098 14
4099 12
4100 10
4101 10
4102 10
4103 15
4104 14
4105 10
4106 10
4107 10
4108 9
4109 12
4110 11
4111 12
4112 8
4113 12
4114 11
4115 13
4116 13
4117 14
4118 12
4119 16
4120 13
4121 13
4122 10
4123 14
4124 8
4125 10
4126 9
4127 13
4128 13
4129 13
4130 11
4131 11
4132 11
4133 14
4134 17
4135 8
4136 10
4137 14
4138 14
4139 11
4140 13
4141 10
4142 14
4143 9
4144 13
4145 10
4146 15
4147 8
4148 14
4149 15
4150 7
4151 13
4152 12
4153 12
4154 14
4155 12
4156 15
4157 15
4158 13
4159 11
4160 9
4161 9
4162 12
4163 16
4164 13
4165 14
4166 13
4167 14
4168 15
4169 13
4170 11
4171 15
4172 13
4173 13
4174 15
4175 12
4176 11
4177 11
4178 9
4179 13
4180 12
4181 8
4182 13
4183 13
4184 13
4185 12
4186 13
4187 14
4188 14
4189 13
4190 13
4191 11
4192 11
4193 12
4194 12
4195 13
4196 14
4197 13
4198 15
4199 11
4200 11
4201 15
4202 13
4203 14
4204 10
4205 11
4206 16
4207 11
4208 12
4209 13
4210 11
4211 9
4212 10
4213 17
4214 13
4215 14
4216 15
4217 10
4218 12
4219 11
4220 8
4221 11
4222 8
4223 13
4224 13
4225 13
4226 10
4227 15
4228 15
4229 11
4230 13
4231 11
4232 6
4233 12
4234 11
4235 8
4236 8
4237 13
4238 19
4239 12
4240 10
4241 12
4242 11
4243 15
4244 15
4245 12
4246 11
4247 10
4248 13
4249 11
4250 12
4251 12
4252 10
4253 12
4254 13
4255 13
4256 9
4257 13
4258 12
4259 13
4260 13
4261 15
4262 12
4263 10
4264 12
4265 11
4266 12
4267 16
4268 9
4269 12
4270 8
4271 14
4272 11
4273 14
4274 9
4275 13
4276 10
4277 8
4278 14
4279 13
4280 13
4281 13
4282 12
4283 15
4284 10
4285 14
4286 12
4287 6
4288 7
4289 12
4290 12
4291 11
4292 13
4293 9
4294 12
4295 12
4296 18
4297 10
4298 9
4299 10
4300 13
4301 12
4302 14
4303 10
4304 12
4305 12
4306 14
4307 9
4308 12
4309 14
4310 14
4311 12
4312 13
4313 14
4314 13
4315 11
4316 16
4317 12
4318 9
4319 13
4320 10
4321 13
4322 11
4323 8
4324 11
4325 13
4326 11
4327 11
4328 10
4329 13
4330 11
4331 11
4332 10
4333 12
4334 13
4335 10
4336 11
4337 11
4338 12
4339 11
4340 12
4341 9
4342 13
4343 12
4344 11
4345 15
4346 11
4347 10
4348 12
4349 11
4350 13
4351 10
4352 14
4353 17
4354 11
4355 8
4356 11
4357 15
4358 11
4359 13
4360 14
4361 14
4362 8
4363 13
4364 12
4365 10
4366 15
4367 13
4368 8
4369 11
4370 12
4371 7
4372 9
4373 10
4374 10
4375 13
4376 12
4377 10
4378 13
4379 11
4380 11
4381 12
4382 10
4383 10
4384 16
4385 10
4386 14
4387 9
4388 10
4389 10
4390 11
4391 12
4392 14
4393 15
4394 14
4395 13
4396 11
4397 15
4398 8
4399 12
4400 10
4401 11
4402 16
4403 12
4404 13
4405 10
4406 15
4407 11
4408 11
4409 15
4410 10
4411 13
4412 12
4413 7
4414 14
4415 10
4416 12
4417 11
4418 11
4419 10
4420 13
4421 11
4422 11
4423 11
4424 14
4425 15
4426 8
4427 13
4428 16
4429 15
4430 9
4431 10
4432 7
4433 16
4434 10
4435 14
4436 13
4437 11
4438 8
4439 10
4440 14
4441 13
4442 12
4443 12
4444 11
4445 17
4446 14
4447 12
4448 11
4449 10
4450 11
4451 11
4452 12
4453 13
4454 10
4455 10
4456 9
4457 14
4458 10
4459 13
4460 10
4461 9
4462 13
4463 9
4464 8
4465 13
4466 12
4467 11
4468 13
4469 16
4470 13
4471 8
4472 10
4473 10
4474 13
4475 12
4476 9
4477 11
4478 11
4479 9
4480 16
4481 13
4482 12
4483 11
4484 14
4485 12
4486 13
4487 13
4488 10
4489 13
4490 12
4491 11
4492 11
4493 10
4494 13
4495 15
4496 13
4497 14
4498 12
4499 10
4500 13
4501 11
4502 12
4503 9
4504 13
4505 11
4506 11
4507 14
4508 12
4509 8
4510 8
4511 18
4512 14
4513 12
4514 11
4515 13
4516 11
4517 11
4518 11
4519 14
4520 16
4521 11
4522 13
4523 11
4524 14
4525 12
4526 11
4527 13
4528 11
4529 11
4530 11
4531 9
4532 13
4533 13
4534 14
4535 10
4536 10
4537 11
4538 9
4539 10
4540 11
4541 10
4542 13
4543 14
4544 12
4545 11
4546 12
4547 12
4548 12
4549 11
4550 14
4551 11
4552 9
4553 18
4554 11
4555 13
4556 9
4557 15
4558 13
4559 13
4560 15
4561 10
4562 13
4563 11
4564 11
4565 10
4566 14
4567 14
4568 12
4569 11
4570 16
4571 10
4572 8
4573 12
4574 11
4575 7
4576 11
4577 12
4578 13
4579 10
4580 10
4581 13
4582 12
4583 11
4584 8
4585 14
4586 8
4587 13
4588 13
4589 12
4590 13
4591 13
4592 8
4593 12
4594 8
4595 9
4596 13
4597 9
4598 13
4599 14
4600 11
4601 11
4602 11
4603 14
4604 8
4605 13
4606 10
4607 12
4608 14
4609 11
4610 11
4611 12
4612 9
4613 12
4614 10
4615 12
4616 12
4617 10
4618 9
4619 13
4620 11
4621 8
4622 13
4623 11
4624 14
4625 15
4626 12
4627 13
4628 11
4629 9
4630 8
4631 8
4632 9
4633 13
4634 9
4635 9
4636 11
4637 11
4638 10
4639 13
4640 13
4641 14
4642 18
4643 15
4644 11
4645 12
4646 12
4647 14
4648 13
4649 11
4650 12
4651 13
4652 10
4653 12
4654 11
4655 9
4656 13
4657 12
4658 10
4659 12
4660 9
4661 10
4662 14
4663 9
4664 11
4665 14
4666 10
4667 13
4668 12
4669 9
4670 9
4671 15
4672 14
4673 11
4674 9
4675 10
4676 11
4677 9
4678 14
4679 11
4680 10
4681 12
4682 9
4683 12
4684 14
4685 15
4686 9
4687 10
4688 14
4689 13
4690 10
4691 13
4692 16
4693 11
4694 15
4695 11
4696 13
4697 15
4698 11
4699 14
4700 17
4701 13
4702 8
4703 15
4704 17
4705 8
4706 11
4707 13
4708 16
4709 11
4710 11
4711 14
4712 12
4713 12
4714 11
4715 11
4716 11
4717 13
4718 11
4719 11
4720 8
4721 10
4722 12
4723 11
4724 13
4725 13
4726 15
4727 13
4728 11
4729 14
4730 12
4731 11
4732 11
4733 12
4734 14
4735 11
4736 13
4737 11
4738 12
4739 11
4740 9
4741 8
4742 9
4743 13
4744 13
4745 13
4746 13
4747 13
4748 14
4749 10
4750 15
4751 8
4752 14
4753 15
4754 10
4755 11
4756 12
4757 12
4758 14
4759 15
4760 11
4761 13
4762 9
4763 16
4764 10
4765 10
4766 11
4767 13
4768 11
4769 14
4770 11
4771 9
4772 14
4773 14
4774 12
4775 11
4776 13
4777 11
4778 10
4779 9
4780 10
4781 9
4782 12
4783 12
4784 10
4785 9
4786 9
4787 18
4788 12
4789 10
4790 14
4791 17
4792 11
4793 11
4794 8
4795 14
4796 9
4797 9
4798 12
4799 12
4800 15
4801 13
4802 8
4803 13
4804 12
4805 9
4806 11
4807 11
4808 14
4809 12
4810 9
4811 9
4812 12
4813 8
4814 12
4815 15
4816 12
4817 13
4818 14
4819 12
4820 12
4821 16
4822 12
4823 15
4824 15
4825 15
4826 12
4827 13
4828 13
4829 10
4830 11
4831 8
4832 11
4833 17
4834 13
4835 12
4836 9
4837 11
4838 9
4839 12
4840 14
4841 9
4842 11
4843 11
4844 12
4845 13
4846 12
4847 12
4848 12
4849 14
4850 13
4851 9
4852 10
4853 11
4854 10
4855 12
4856 12
4857 13
4858 12
4859 7
4860 12
4861 11
4862 11
4863 14
4864 15
4865 14
4866 13
4867 9
4868 13
4869 16
4870 12
4871 11
4872 13
4873 13
4874 12
4875 13
4876 12
4877 7
4878 15
4879 11
4880 12
4881 12
4882 14
4883 9
4884 10
4885 10
4886 12
4887 13
4888 13
4889 12
4890 16
4891 11
4892 9
4893 12
4894 9
4895 10
4896 11
4897 10
4898 9
4899 14
4900 11
4901 10
4902 13
4903 14
4904 12
4905 6
4906 7
4907 13
4908 11
4909 15
4910 13
4911 12
4912 12
4913 13
4914 11
4915 10
4916 12
4917 15
4918 15
4919 10
4920 17
4921 16
4922 10
4923 14
4924 11
4925 10
4926 11
4927 15
4928 9
4929 14
4930 15
4931 7
4932 12
4933 11
4934 8
4935 14
4936 11
4937 19
4938 13
4939 11
4940 17
4941 11
4942 14
4943 12
4944 10
4945 9
4946 11
4947 11
4948 11
4949 11
4950 12
4951 11
4952 13
4953 9
4954 10
4955 15
4956 11
4957 12
4958 11
4959 10
4960 12
4961 9
4962 9
4963 10
4964 13
4965 15
4966 11
4967 15
4968 14
4969 15
4970 13
4971 8
4972 10
4973 11
4974 15
4975 10
4976 11
4977 14
4978 14
4979 9
4980 12
4981 12
4982 14
4983 13
4984 13
4985 14
4986 11
4987 12
4988 14
4989 11
4990 11
4991 12
4992 7
4993 11
4994 14
4995 13
4996 9
4997 15
4998 13
4999 11
5000 14
