0 91
1 10
2 11
3 12
4 10
5 14
6 12
7 12
8 12
9 8
10 10
11 11
12 14
13 8
14 12
15 6
16 6
17 11
18 12
19 11
20 13
21 10
22 10
23 13
24 9
25 10
26 9
27 10
28 13
29 10
30 10
31 12
32 14
33 9
34 14
35 13
36 9
37 12
38 14
39 7
40 11
41 9
42 10
43 15
44 13
45 13
46 12
47 13
48 9
49 9
50 13
51 12
52 13
53 11
54 8
55 17
56 8
57 9
58 16
59 11
60 9
61 10
62 13
63 8
64 10
65 13
66 13
67 8
68 11
69 17
70 13
71 10
72 8
73 12
74 8
75 11
76 9
77 11
78 12
79 13
80 7
81 10
82 8
83 13
84 10
85 9
86 10
87 14
88 12
89 8
90 6
91 10
92 11
93 12
94 9
95 9
96 10
97 10
98 12
99 12
100 11
101 9
102 9
103 16
104 7
105 13
106 11
107 15
108 13
109 12
110 9
111 15
112 9
113 12
114 13
115 9
116 12
117 8
118 12
119 10
120 8
121 9
122 12
123 17
124 9
125 7
126 12
127 17
128 12
129 11
130 10
131 11
132 11
133 7
134 11
135 11
136 8
137 13
138 16
139 8
140 13
141 6
142 17
143 11
144 12
145 12
146 8
147 11
148 14
149 10
150 11
151 12
152 9
153 9
154 8
155 14
156 15
157 11
158 10
159 12
160 7
161 12
162 9
163 8
164 12
165 10
166 12
167 14
168 10
169 9
170 10
171 8
172 8
173 10
174 12
175 11
176 10
177 9
178 12
179 11
180 13
181 14
182 11
183 10
184 8
185 10
186 13
187 11
188 13
189 8
190 12
191 10
192 9
193 10
194 12
195 17
196 8
197 8
198 9
199 15
200 15
201 10
202 12
203 12
204 10
205 9
206 11
207 11
208 14
209 13
210 9
211 12
212 14
213 15
214 8
215 12
216 13
217 12
218 13
219 7
220 11
221 12
222 15
223 8
224 9
225 13
226 13
227 15
228 17
229 12
230 11
231 11
232 9
233 14
234 13
235 11
236 10
237 13
238 8
239 8
240 11
241 9
242 10
243 12
244 10
245 16
246 11
247 8
248 14
249 10
250 10
251 16
252 11
253 11
254 8
255 10
256 12
257 8
258 8
259 11
260 11
261 11
262 10
263 10
264 12
265 10
266 10
267 13
268 10
269 12
270 12
271 13
272 11
273 11
274 10
275 11
276 12
277 13
278 11
279 8
280 7
281 9
282 8
283 11
284 6
285 7
286 11
287 13
288 14
289 11
290 14
291 15
292 8
293 14
294 11
295 12
296 13
297 11
298 10
299 9
300 9
301 14
302 8
303 11
304 12
305 9
306 10
307 9
308 9
309 9
310 10
311 13
312 15
313 14
314 14
315 10
316 13
317 12
318 12
319 11
320 8
321 9
322 10
323 11
324 12
325 8
326 11
327 10
328 12
329 9
330 10
331 9
332 12
333 13
334 16
335 9
336 11
337 11
338 12
339 9
340 10
341 16
342 11
343 12
344 10
345 12
346 14
347 10
348 13
349 9
350 12
351 16
352 12
353 9
354 9
355 6
356 13
357 11
358 5
359 9
360 11
361 13
362 11
363 12
364 8
365 8
366 10
367 9
368 8
369 11
370 11
371 12
372 11
373 11
374 11
375 10
376 12
377 8
378 13
379 11
380 10
381 10
382 15
383 10
384 10
385 14
386 14
387 9
388 11
389 9
390 11
391 13
392 13
393 13
394 14
395 10
396 13
397 9
398 6
399 7
400 12
401 9
402 9
403 9
404 12
405 9
406 14
407 13
408 11
409 13
410 13
411 10
412 10
413 8
414 5
415 15
416 12
417 15
418 9
419 8
420 12
421 13
422 10
423 14
424 9
425 8
426 7
427 12
428 10
429 14
430 11
431 15
432 11
433 8
434 12
435 11
436 14
437 12
438 10
439 11
440 11
441 11
442 13
443 12
444 9
445 9
446 14
447 8
448 13
449 11
450 8
451 11
452 10
453 10
454 11
455 10
456 11
457 10
458 7
459 10
460 13
461 11
462 14
463 11
464 10
465 12
466 13
467 12
468 7
469 13
470 15
471 13
472 10
473 7
474 12
475 8
476 16
477 9
478 9
479 13
480 10
481 12
482 13
483 14
484 10
485 12
486 13
487 14
488 6
489 10
490 10
491 11
492 11
493 13
494 9
495 9
496 10
497 14
498 6
499 4
500 11
501 10
502 11
503 8
504 15
505 13
506 10
507 11
508 12
509 10
510 9
511 12
512 8
513 10
514 11
515 9
516 10
517 9
518 8
519 7
520 14
521 11
522 11
523 12
524 13
525 9
526 13
527 14
528 7
529 11
530 18
531 12
532 9
533 10
534 6
535 13
536 7
537 13
538 12
539 10
540 13
541 7
542 15
543 14
544 9
545 15
546 12
547 10
548 13
549 14
550 14
551 10
552 14
553 15
554 13
555 16
556 8
557 12
558 10
559 12
560 10
561 8
562 14
563 10
564 13
565 13
566 11
567 10
568 8
569 12
570 10
571 11
572 15
573 11
574 13
575 12
576 10
577 6
578 11
579 16
580 11
581 12
582 8
583 12
584 14
585 10
586 14
587 14
588 16
589 10
590 9
591 10
592 10
593 10
594 12
595 11
596 12
597 13
598 12
599 13
600 12
601 12
602 13
603 6
604 10
605 13
606 8
607 9
608 7
609 15
610 9
611 12
612 11
613 11
614 10
615 13
616 9
617 13
618 11
619 12
620 10
621 9
622 10
623 11
624 8
625 11
626 13
627 11
628 10
629 12
630 13
631 12
632 10
633 14
634 11
635 10
636 10
637 12
638 8
639 10
640 7
641 9
642 8
643 15
644 13
645 10
646 12
647 16
648 13
649 11
650 9
651 13
652 12
653 12
654 14
655 7
656 11
657 12
658 12
659 11
660 9
661 10
662 11
663 9
664 12
665 13
666 8
667 8
668 6
669 9
670 12
671 13
672 14
673 12
674 12
675 12
676 11
677 13
678 11
679 11
680 10
681 7
682 10
683 16
684 17
685 9
686 9
687 10
688 11
689 12
690 8
691 13
692 11
693 10
694 10
695 11
696 9
697 9
698 9
699 11
700 11
701 12
702 11
703 10
704 18
705 10
706 10
707 10
708 11
709 10
710 11
711 14
712 10
713 9
714 10
715 13
716 13
717 12
718 10
719 5
720 8
721 13
722 11
723 12
724 8
725 10
726 9
727 10
728 14
729 13
730 8
731 10
732 12
733 13
734 8
735 11
736 13
737 13
738 12
739 10
740 12
741 12
742 10
743 12
744 14
745 11
746 13
747 8
748 12
749 11
750 8
751 8
752 14
753 12
754 7
755 13
756 10
757 14
758 13
759 12
760 9
761 9
762 12
763 12
764 9
765 12
766 13
767 12
768 13
769 13
770 12
771 11
772 11
773 9
774 7
775 13
776 8
777 10
778 8
779 12
780 9
781 14
782 10
783 10
784 15
785 12
786 9
787 6
788 13
789 11
790 11
791 15
792 11
793 7
794 9
795 9
796 13
797 6
798 9
799 17
800 12
801 12
802 9
803 10
804 11
805 13
806 14
807 9
808 11
809 12
810 17
811 15
812 10
813 13
814 9
815 9
816 7
817 14
818 13
819 12
820 11
821 11
822 8
823 7
824 15
825 10
826 8
827 11
828 9
829 10
830 9
831 12
832 11
833 11
834 9
835 10
836 11
837 11
838 11
839 12
840 10
841 11
842 11
843 8
844 7
845 10
846 9
847 14
848 8
849 7
850 9
851 14
852 9
853 11
854 9
855 11
856 17
857 12
858 11
859 10
860 9
861 10
862 16
863 9
864 10
865 12
866 11
867 9
868 7
869 14
870 14
871 9
872 12
873 10
874 10
875 10
876 15
877 8
878 15
879 11
880 9
881 11
882 9
883 12
884 10
885 10
886 10
887 11
888 7
889 10
890 9
891 11
892 13
893 16
894 12
895 6
896 12
897 17
898 12
899 10
900 12
901 11
902 12
903 7
904 11
905 9
906 18
907 10
908 12
909 14
910 12
911 7
912 13
913 11
914 12
915 10
916 10
917 13
918 11
919 9
920 10
921 11
922 9
923 11
924 12
925 9
926 10
927 13
928 11
929 10
930 9
931 10
932 13
933 13
934 12
935 10
936 11
937 10
938 11
939 14
940 10
941 6
942 10
943 7
944 12
945 14
946 9
947 14
948 11
949 14
950 9
951 9
952 14
953 9
954 14
955 7
956 14
957 7
958 10
959 10
960 12
961 8
962 8
963 11
964 11
965 11
966 10
967 10
968 13
969 13
970 11
971 10
972 13
973 15
974 12
975 13
976 8
977 18
978 11
979 9
980 16
981 10
982 10
983 12
984 13
985 9
986 9
987 11
988 13
989 12
990 11
991 6
992 9
993 10
994 7
995 13
996 11
997 13
998 11
999 10
1000 9
1001 8
1002 12
1003 10
1004 9
1005 10
1006 13
1007 7
1008 11
1009 13
1010 12
1011 11
1012 17
1013 15
1014 11
1015 16
1016 11
1017 11
1018 8
1019 10
1020 14
1021 9
1022 14
1023 6
1024 12
1025 10
1026 9
1027 12
1028 8
1029 12
1030 13
1031 16
1032 13
1033 9
1034 10
1035 10
1036 9
1037 9
1038 9
1039 13
1040 8
1041 12
1042 12
1043 11
1044 9
1045 9
1046 7
1047 12
1048 8
1049 12
1050 11
1051 11
1052 8
1053 10
1054 18
1055 11
1056 11
1057 9
1058 8
1059 11
1060 12
1061 10
1062 6
1063 8
1064 10
1065 11
1066 12
1067 11
1068 12
1069 11
1070 10
1071 12
1072 9
1073 8
1074 12
1075 12
1076 11
1077 11
1078 12
1079 8
1080 11
1081 10
1082 9
1083 8
1084 13
1085 11
1086 9
1087 11
1088 13
1089 12
1090 15
1091 9
1092 11
1093 11
1094 14
1095 16
1096 13
1097 12
1098 10
1099 13
1100 11
1101 15
1102 10
1103 10
1104 10
1105 10
1106 12
1107 9
1108 10
1109 10
1110 10
1111 15
1112 14
1113 12
1114 12
1115 9
1116 12
1117 7
1118 8
1119 15
1120 9
1121 12
1122 13
1123 9
1124 14
1125 11
1126 9
1127 9
1128 12
1129 12
1130 8
1131 12
1132 11
1133 13
1134 6
1135 12
1136 13
1137 14
1138 12
1139 8
1140 12
1141 10
1142 16
1143 12
1144 12
1145 10
1146 11
1147 11
1148 13
1149 11
1150 14
1151 9
1152 13
1153 11
1154 14
1155 11
1156 15
1157 14
1158 13
1159 8
1160 11
1161 15
1162 13
1163 13
1164 11
1165 9
1166 11
1167 15
1168 11
1169 9
1170 10
1171 6
1172 15
1173 11
1174 10
1175 14
1176 10
1177 17
1178 11
1179 15
1180 11
1181 13
1182 15
1183 13
1184 16
1185 16
1186 13
1187 13
1188 10
1189 7
1190 11
1191 17
1192 11
1193 14
1194 13
1195 7
1196 13
1197 8
1198 10
1199 10
1200 12
1201 11
1202 10
1203 8
1204 12
1205 18
1206 10
1207 14
1208 9
1209 11
1210 12
1211 13
1212 11
1213 9
1214 8
1215 12
1216 12
1217 11
1218 10
1219 9
1220 9
1221 11
1222 7
1223 12
1224 11
1225 9
1226 11
1227 10
1228 11
1229 10
1230 10
1231 13
1232 13
1233 9
1234 10
1235 8
1236 15
1237 12
1238 9
1239 7
1240 12
1241 13
1242 9
1243 13
1244 11
1245 13
1246 11
1247 11
1248 12
1249 11
1250 12
1251 13
1252 12
1253 9
1254 11
1255 13
1256 9
1257 10
1258 9
1259 11
1260 13
1261 5
1262 7
1263 14
1264 6
1265 14
1266 10
1267 13
1268 11
1269 9
1270 11
1271 10
1272 10
1273 11
1274 11
1275 10
1276 13
1277 11
1278 11
1279 14
1280 11
1281 10
1282 13
1283 14
1284 12
1285 15
1286 11
1287 11
1288 12
1289 7
1290 12
1291 14
1292 11
1293 10
1294 11
1295 10
1296 16
1297 16
1298 12
1299 11
1300 12
1301 9
1302 8
1303 8
1304 11
1305 12
1306 12
1307 15
1308 10
1309 12
1310 11
1311 10
1312 11
1313 10
1314 10
1315 10
1316 13
1317 9
1318 8
1319 10
1320 11
1321 13
1322 9
1323 14
1324 14
1325 13
1326 9
1327 10
1328 10
1329 10
1330 11
1331 11
1332 12
1333 8
1334 13
1335 10
1336 14
1337 11
1338 12
1339 9
1340 12
1341 11
1342 7
1343 11
1344 12
1345 9
1346 7
1347 13
1348 15
1349 14
1350 12
1351 7
1352 9
1353 10
1354 10
1355 10
1356 12
1357 11
1358 11
1359 11
1360 10
1361 11
1362 12
1363 9
1364 12
1365 12
1366 12
1367 11
1368 13
1369 8
1370 13
1371 10
1372 11
1373 11
1374 10
1375 11
1376 16
1377 12
1378 13
1379 9
1380 15
1381 17
1382 10
1383 11
1384 10
1385 14
1386 9
1387 13
1388 11
1389 10
1390 10
1391 14
1392 12
1393 11
1394 8
1395 14
1396 13
1397 12
1398 12
1399 9
1400 14
1401 13
1402 10
1403 17
1404 10
1405 17
1406 14
1407 11
1408 8
1409 11
1410 10
1411 12
1412 8
1413 10
1414 13
1415 10
1416 9
1417 15
1418 10
1419 11
1420 9
1421 13
1422 11
1423 13
1424 7
1425 13
1426 10
1427 13
1428 11
1429 11
1430 11
1431 11
1432 10
1433 13
1434 11
1435 11
1436 10
1437 13
1438 7
1439 10
1440 13
1441 17
1442 10
1443 9
1444 13
1445 13
1446 10
1447 12
1448 12
1449 12
1450 8
1451 8
1452 16
1453 12
1454 9
1455 8
1456 10
1457 13
1458 13
1459 11
1460 11
1461 6
1462 9
1463 9
1464 10
1465 13
1466 9
1467 8
1468 10
1469 10
1470 13
1471 11
1472 10
1473 10
1474 16
1475 12
1476 12
1477 11
1478 15
1479 7
1480 10
1481 11
1482 13
1483 12
1484 7
1485 11
1486 16
1487 8
1488 12
1489 10
1490 12
1491 14
1492 10
1493 12
1494 6
1495 14
1496 7
1497 10
1498 11
1499 10
1500 11
1501 8
1502 8
1503 13
1504 13
1505 13
1506 7
1507 15
1508 10
1509 9
1510 13
1511 8
1512 10
1513 7
1514 10
1515 8
1516 11
1517 11
1518 9
1519 12
1520 12
1521 14
1522 11
1523 8
1524 10
1525 13
1526 10
1527 6
1528 11
1529 10
1530 10
1531 10
1532 12
1533 8
1534 15
1535 12
1536 8
1537 9
1538 11
1539 13
1540 9
1541 11
1542 12
1543 14
1544 14
1545 8
1546 16
1547 11
1548 8
1549 7
1550 12
1551 6
1552 16
1553 13
1554 12
1555 12
1556 10
1557 8
1558 9
1559 11
1560 9
1561 15
1562 13
1563 11
1564 10
1565 10
1566 12
1567 10
1568 9
1569 11
1570 14
1571 11
1572 13
1573 11
1574 9
1575 14
1576 15
1577 13
1578 13
1579 7
1580 13
1581 7
1582 14
1583 10
1584 12
1585 12
1586 13
1587 9
1588 12
1589 8
1590 12
1591 7
1592 13
1593 13
1594 11
1595 12
1596 9
1597 13
1598 13
1599 9
1600 14
1601 11
1602 10
1603 21
1604 11
1605 13
1606 13
1607 11
1608 18
1609 10
1610 10
1611 13
1612 13
1613 12
1614 15
1615 16
1616 10
1617 10
1618 11
1619 14
1620 7
1621 9
1622 13
1623 8
1624 10
1625 8
1626 12
1627 9
1628 19
1629 15
1630 12
1631 14
1632 8
1633 12
1634 13
1635 11
1636 15
1637 11
1638 14
1639 7
1640 11
1641 12
1642 13
1643 12
1644 8
1645 12
1646 11
1647 11
1648 14
1649 10
1650 10
1651 11
1652 15
1653 12
1654 6
1655 9
1656 11
1657 14
1658 11
1659 10
1660 12
1661 13
1662 12
1663 12
1664 13
1665 14
1666 9
1667 12
1668 13
1669 11
1670 15
1671 11
1672 10
1673 11
1674 11
1675 8
1676 10
1677 7
1678 10
1679 8
1680 14
1681 10
1682 14
1683 8
1684 10
1685 9
1686 10
1687 9
1688 14
1689 11
1690 11
1691 14
1692 9
1693 15
1694 14
1695 12
1696 12
1697 14
1698 16
1699 12
1700 14
1701 14
1702 11
1703 14
1704 10
1705 10
1706 9
1707 11
1708 12
1709 13
1710 10
1711 9
1712 15
1713 9
1714 12
1715 11
1716 12
1717 11
1718 10
1719 9
1720 9
1721 11
1722 13
1723 16
1724 10
1725 12
1726 14
1727 14
1728 10
1729 12
1730 13
1731 12
1732 12
1733 9
1734 11
1735 11
1736 11
1737 14
1738 11
1739 11
1740 11
1741 12
1742 12
1743 10
1744 9
1745 11
1746 11
1747 10
1748 15
1749 11
1750 14
1751 13
1752 11
1753 6
1754 11
1755 8
1756 13
1757 11
1758 12
1759 13
1760 11
1761 14
1762 6
1763 14
1764 12
1765 12
1766 11
1767 11
1768 12
1769 7
1770 11
1771 12
1772 13
1773 12
1774 14
1775 10
1776 16
1777 12
1778 8
1779 14
1780 11
1781 9
1782 10
1783 12
1784 14
1785 15
1786 13
1787 15
1788 11
1789 11
1790 11
1791 13
1792 10
1793 14
1794 12
1795 13
1796 8
1797 10
1798 9
1799 7
1800 12
1801 12
1802 10
1803 12
1804 8
1805 9
1806 12
1807 10
1808 6
1809 15
1810 12
1811 11
1812 10
1813 13
1814 15
1815 10
1816 12
1817 9
1818 8
1819 10
1820 9
1821 15
1822 9
1823 10
1824 16
1825 11
1826 12
1827 10
1828 10
1829 10
1830 8
1831 13
1832 12
1833 12
1834 11
1835 6
1836 11
1837 14
1838 8
1839 13
1840 11
1841 11
1842 14
1843 10
1844 11
1845 10
1846 12
1847 13
1848 12
1849 14
1850 16
1851 11
1852 13
1853 9
1854 15
1855 8
1856 8
1857 9
1858 12
1859 11
1860 10
1861 10
1862 9
1863 13
1864 10
1865 9
1866 12
1867 9
1868 11
1869 14
1870 6
1871 11
1872 10
1873 12
1874 9
1875 13
1876 12
1877 11
1878 10
1879 13
1880 12
1881 11
1882 14
1883 13
1884 9
1885 11
1886 11
1887 13
1888 7
1889 13
1890 13
1891 13
1892 12
1893 10
1894 9
1895 12
1896 9
1897 12
1898 12
1899 11
1900 9
1901 8
1902 11
1903 12
1904 12
1905 11
1906 10
1907 12
1908 10
1909 14
1910 10
1911 12
1912 10
1913 12
1914 10
1915 13
1916 8
1917 8
1918 10
1919 11
1920 10
1921 13
1922 11
1923 11
1924 15
1925 13
1926 9
1927 13
1928 6
1929 14
1930 10
1931 10
1932 10
1933 10
1934 12
1935 11
1936 11
1937 8
1938 13
1939 8
1940 14
1941 10
1942 11
1943 13
1944 12
1945 11
1946 13
1947 13
1948 11
1949 7
1950 10
1951 13
1952 8
1953 8
1954 9
1955 10
1956 10
1957 16
1958 7
1959 10
1960 12
1961 10
1962 12
1963 13
1964 11
1965 11
1966 12
1967 10
1968 11
1969 10
1970 11
1971 10
1972 12
1973 11
1974 12
1975 12
1976 9
1977 13
1978 11
1979 12
1980 13
1981 14
1982 18
1983 12
1984 10
1985 7
1986 11
1987 12
1988 12
1989 11
1990 12
1991 8
1992 13
1993 15
1994 14
1995 8
1996 11
1997 10
1998 12
1999 11
2000 11
2001 10
2002 7
2003 9
2004 10
2005 16
2006 8
2007 13
2008 12
2009 10
2010 12
2011 13
2012 13
2013 13
2014 12
2015 12
2016 8
2017 11
2018 9
2019 10
2020 9
2021 18
2022 8
2023 9
2024 12
2025 9
2026 9
2027 13
2028 10
2029 10
2030 10
2031 9
2032 11
2033 8
2034 12
2035 11
2036 9
2037 8
2038 11
2039 7
2040 12
2041 11
2042 11
2043 14
2044 14
2045 11
2046 8
2047 7
2048 11
2049 15
2050 9
2051 8
2052 14
2053 4
2054 15
2055 10
2056 11
2057 12
2058 10
2059 12
2060 14
2061 9
2062 10
2063 12
2064 10
2065 13
2066 15
2067 11
2068 12
2069 10
2070 14
2071 13
2072 20
2073 13
2074 11
2075 10
2076 13
2077 15
2078 10
2079 12
2080 16
2081 8
2082 11
2083 17
2084 11
2085 10
2086 12
2087 7
2088 11
2089 8
2090 10
2091 11
2092 10
2093 11
2094 8
2095 14
2096 10
2097 11
2098 15
2099 12
2100 8
2101 12
2102 14
2103 8
2104 12
2105 12
2106 6
2107 7
2108 8
2109 11
2110 13
2111 10
2112 15
2113 12
2114 10
2115 9
2116 11
2117 10
2118 12
2119 13
2120 11
2121 11
2122 7
2123 6
2124 10
2125 10
2126 11
2127 12
2128 12
2129 11
2130 8
2131 13
2132 8
2133 10
2134 7
2135 10
2136 10
2137 12
2138 8
2139 14
2140 15
2141 10
2142 11
2143 10
2144 13
2145 14
2146 11
2147 12
2148 9
2149 8
2150 10
2151 10
2152 8
2153 11
2154 10
2155 13
2156 13
2157 14
2158 14
2159 12
2160 15
2161 12
2162 15
2163 10
2164 10
2165 8
2166 8
2167 6
2168 10
2169 7
2170 10
2171 9
2172 11
2173 9
2174 11
2175 15
2176 13
2177 10
2178 14
2179 10
2180 9
2181 8
2182 13
2183 12
2184 13
2185 12
2186 10
2187 13
2188 15
2189 9
2190 7
2191 12
2192 10
2193 10
2194 12
2195 8
2196 13
2197 6
2198 10
2199 10
2200 11
2201 10
2202 13
2203 8
2204 10
2205 14
2206 12
2207 13
2208 11
2209 12
2210 12
2211 13
2212 13
2213 13
2214 11
2215 9
2216 14
2217 14
2218 11
2219 10
2220 9
2221 12
2222 12
2223 12
2224 12
2225 9
2226 9
2227 14
2228 9
2229 12
2230 13
2231 8
2232 13
2233 13
2234 12
2235 14
2236 10
2237 14
2238 12
2239 9
2240 10
2241 12
2242 8
2243 13
2244 11
2245 13
2246 8
2247 8
2248 13
2249 12
2250 11
2251 4
2252 10
2253 14
2254 8
2255 9
2256 9
2257 10
2258 13
2259 11
2260 12
2261 11
2262 11
2263 15
2264 8
2265 13
2266 10
2267 11
2268 13
2269 8
2270 12
2271 13
2272 10
2273 11
2274 10
2275 12
2276 11
2277 12
2278 13
2279 12
2280 8
2281 13
2282 10
2283 9
2284 13
2285 13
2286 12
2287 9
2288 16
2289 15
2290 12
2291 15
2292 13
2293 10
2294 13
2295 12
2296 12
2297 12
2298 11
2299 14
2300 7
2301 12
2302 13
2303 12
2304 10
2305 9
2306 11
2307 7
2308 10
2309 12
2310 10
2311 13
2312 12
2313 14
2314 12
2315 10
2316 13
2317 15
2318 9
2319 11
2320 7
2321 10
2322 11
2323 10
2324 10
2325 8
2326 15
2327 10
2328 13
2329 9
2330 11
2331 8
2332 12
2333 10
2334 11
2335 13
2336 12
2337 12
2338 13
2339 8
2340 11
2341 7
2342 14
2343 12
2344 10
2345 13
2346 10
2347 10
2348 9
2349 15
2350 10
2351 10
2352 12
2353 11
2354 9
2355 9
2356 12
2357 8
2358 9
2359 14
2360 12
2361 9
2362 10
2363 14
2364 9
2365 12
2366 11
2367 11
2368 14
2369 14
2370 8
2371 13
2372 12
2373 9
2374 8
2375 9
2376 12
2377 10
2378 11
2379 11
2380 8
2381 10
2382 13
2383 11
2384 13
2385 13
2386 15
2387 13
2388 10
2389 13
2390 11
2391 10
2392 14
2393 9
2394 10
2395 8
2396 17
2397 12
2398 8
2399 10
2400 9
2401 7
2402 12
2403 10
2404 9
2405 15
2406 8
2407 13
2408 11
2409 12
2410 12
2411 12
2412 9
2413 11
2414 10
2415 12
2416 12
2417 14
2418 11
2419 13
2420 9
2421 10
2422 10
2423 10
2424 9
2425 12
2426 9
2427 8
2428 11
2429 12
2430 8
2431 14
2432 11
2433 14
2434 11
2435 10
2436 12
2437 12
2438 16
2439 10
2440 9
2441 10
2442 14
2443 12
2444 10
2445 14
2446 14
2447 13
2448 10
2449 11
2450 9
2451 13
2452 9
2453 8
2454 12
2455 13
2456 11
2457 18
2458 9
2459 11
2460 12
2461 12
2462 8
2463 14
2464 11
2465 12
2466 8
2467 11
2468 10
2469 11
2470 12
2471 12
2472 11
2473 15
2474 8
2475 9
2476 13
2477 14
2478 10
2479 12
2480 10
2481 11
2482 10
2483 12
2484 10
2485 12
2486 11
2487 8
2488 12
2489 8
2490 14
2491 15
2492 10
2493 11
2494 13
2495 12
2496 6
2497 11
2498 13
2499 12
2500 7
2501 9
2502 13
2503 14
2504 11
2505 10
2506 14
2507 12
2508 13
2509 9
2510 11
2511 7
2512 11
2513 12
2514 14
2515 14
2516 11
2517 14
2518 8
2519 12
2520 14
2521 10
2522 11
2523 13
2524 15
2525 13
2526 13
2527 16
2528 12
2529 10
2530 12
2531 12
2532 14
2533 11
2534 12
2535 11
2536 10
2537 9
2538 12
2539 9
2540 11
2541 11
2542 13
2543 12
2544 14
2545 8
2546 13
2547 12
2548 12
2549 9
2550 12
2551 13
2552 9
2553 13
2554 15
2555 11
2556 12
2557 12
2558 8
2559 13
2560 8
2561 12
2562 10
2563 11
2564 14
2565 8
2566 14
2567 9
2568 10
2569 10
2570 11
2571 12
2572 12
2573 11
2574 9
2575 6
2576 8
2577 12
2578 15
2579 15
2580 11
2581 13
2582 10
2583 9
2584 13
2585 10
2586 8
2587 13
2588 7
2589 16
2590 9
2591 11
2592 15
2593 12
2594 8
2595 9
2596 13
2597 12
2598 11
2599 12
2600 13
2601 10
2602 9
2603 12
2604 11
2605 13
2606 12
2607 12
2608 8
2609 11
2610 10
2611 9
2612 15
2613 14
2614 10
2615 14
2616 11
2617 12
2618 11
2619 9
2620 10
2621 13
2622 12
2623 13
2624 8
2625 11
2626 14
2627 15
2628 13
2629 14
2630 9
2631 10
2632 9
2633 11
2634 11
2635 13
2636 11
2637 15
2638 12
2639 6
2640 9
2641 11
2642 11
2643 9
2644 11
2645 11
2646 13
2647 13
2648 12
2649 11
2650 8
2651 12
2652 6
2653 12
2654 16
2655 12
2656 9
2657 15
2658 12
2659 14
2660 14
2661 8
2662 12
2663 13
2664 10
2665 12
2666 13
2667 11
2668 9
2669 8
2670 15
2671 15
2672 9
2673 10
2674 15
2675 12
2676 14
2677 13
2678 9
2679 10
2680 10
2681 10
2682 9
2683 8
2684 14
2685 11
2686 16
2687 9
2688 9
2689 10
2690 6
2691 16
2692 12
2693 10
2694 11
2695 11
2696 5
2697 13
2698 12
2699 13
2700 13
2701 12
2702 10
2703 11
2704 10
2705 11
2706 7
2707 12
2708 9
2709 11
2710 8
2711 15
2712 14
2713 12
2714 11
2715 11
2716 15
2717 12
2718 12
2719 7
2720 5
2721 8
2722 9
2723 11
2724 13
2725 11
2726 7
2727 11
2728 12
2729 12
2730 9
2731 10
2732 9
2733 9
2734 10
2735 11
2736 12
2737 10
2738 9
2739 11
2740 9
2741 8
2742 12
2743 12
2744 14
2745 6
2746 11
2747 11
2748 14
2749 10
2750 16
2751 11
2752 10
2753 14
2754 9
2755 14
2756 16
2757 13
2758 11
2759 12
2760 11
2761 11
2762 7
2763 14
2764 13
2765 7
2766 13
2767 9
2768 11
2769 13
2770 9
2771 8
2772 15
2773 12
2774 10
2775 13
2776 11
2777 11
2778 12
2779 13
2780 14
2781 10
2782 12
2783 9
2784 10
2785 12
2786 14
2787 14
2788 7
2789 15
2790 15
2791 10
2792 8
2793 8
2794 12
2795 13
2796 13
2797 13
2798 14
2799 14
2800 14
2801 9
2802 14
2803 11
2804 14
2805 8
2806 11
2807 11
2808 11
2809 10
2810 9
2811 9
2812 10
2813 14
2814 11
2815 8
2816 12
2817 13
2818 9
2819 6
2820 10
2821 13
2822 10
2823 11
2824 11
2825 12
2826 11
2827 12
2828 8
2829 13
2830 12
2831 13
2832 10
2833 10
2834 11
2835 13
2836 9
2837 11
2838 13
2839 16
2840 13
2841 8
2842 10
2843 12
2844 19
2845 12
2846 11
2847 13
2848 11
2849 9
2850 9
2851 9
2852 12
2853 10
2854 6
2855 13
2856 13
2857 10
2858 15
2859 13
2860 10
2861 10
2862 9
2863 10
2864 17
2865 8
2866 11
2867 7
2868 7
2869 12
2870 10
2871 8
2872 6
2873 6
2874 7
2875 10
2876 11
2877 9
2878 8
2879 8
2880 11
2881 10
2882 13
2883 10
2884 11
2885 11
2886 10
2887 9
2888 12
2889 10
2890 8
2891 10
2892 11
2893 14
2894 13
2895 8
2896 12
2897 12
2898 14
2899 13
2900 16
2901 11
2902 14
2903 10
2904 15
2905 11
2906 8
2907 11
2908 8
2909 10
2910 10
2911 11
2912 8
2913 9
2914 10
2915 10
2916 14
2917 9
2918 10
2919 10
2920 12
2921 15
2922 12
2923 11
2924 12
2925 10
2926 16
2927 9
2928 11
2929 14
2930 11
2931 11
2932 11
2933 10
2934 12
2935 12
2936 13
2937 7
2938 10
2939 10
2940 11
2941 13
2942 12
2943 11
2944 11
2945 10
2946 15
2947 10
2948 16
2949 11
2950 16
2951 10
2952 9
2953 10
2954 10
2955 12
2956 10
2957 10
2958 12
2959 15
2960 14
2961 13
2962 10
2963 12
2964 10
2965 6
2966 11
2967 10
2968 12
2969 11
2970 11
2971 14
2972 5
2973 11
2974 11
2975 13
2976 13
2977 13
2978 8
2979 13
2980 13
2981 12
2982 10
2983 12
2984 9
2985 10
2986 9
2987 12
2988 12
2989 13
2990 9
2991 10
2992 13
2993 11
2994 10
2995 11
2996 10
2997 10
2998 10
2999 10
3000 9
3001 12
3002 11
3003 7
3004 8
3005 11
3006 10
3007 13
3008 12
3009 11
3010 10
3011 13
3012 8
3013 13
3014 8
3015 12
3016 11
3017 13
3018 10
3019 15
3020 14
3021 12
3022 15
3023 9
3024 13
3025 13
3026 12
3027 14
3028 10
3029 12
3030 14
3031 12
3032 11
3033 16
3034 10
3035 10
3036 15
3037 10
3038 9
3039 12
3040 13
3041 15
3042 10
3043 15
3044 9
3045 14
3046 12
3047 9
3048 14
3049 15
3050 14
3051 9
3052 15
3053 8
3054 12
3055 8
3056 11
3057 13
3058 13
3059 13
3060 10
3061 9
3062 11
3063 14
3064 11
3065 6
3066 12
3067 14
3068 17
3069 9
3070 10
3071 14
3072 10
3073 13
3074 12
3075 11
3076 11
3077 12
3078 14
3079 14
3080 12
3081 12
3082 12
3083 11
3084 12
3085 8
3086 13
3087 10
3088 7
3089 12
3090 10
3091 9
3092 10
3093 12
3094 13
3095 13
3096 8
3097 13
3098 14
3099 10
3100 13
3101 13
3102 13
3103 10
3104 13
3105 11
3106 13
3107 13
3108 12
3109 10
3110 13
3111 12
3112 12
3113 11
3114 13
3115 7
3116 12
3117 11
3118 13
3119 15
3120 12
3121 14
3122 6
3123 11
3124 12
3125 14
3126 10
3127 15
3128 12
3129 10
3130 10
3131 13
3132 12
3133 7
3134 15
3135 12
3136 12
3137 10
3138 11
3139 11
3140 8
3141 10
3142 11
3143 12
3144 10
3145 11
3146 12
3147 15
3148 12
3149 14
3150 8
3151 6
3152 13
3153 10
3154 10
3155 9
3156 10
3157 14
3158 10
3159 10
3160 8
3161 9
3162 8
3163 14
3164 7
3165 11
3166 12
3167 13
3168 10
3169 15
3170 15
3171 7
3172 12
3173 13
3174 12
3175 10
3176 11
3177 9
3178 13
3179 8
3180 14
3181 10
3182 11
3183 11
3184 15
3185 9
3186 10
3187 14
3188 11
3189 14
3190 14
3191 10
3192 12
3193 8
3194 14
3195 15
3196 14
3197 10
3198 10
3199 7
3200 10
3201 10
3202 7
3203 6
3204 14
3205 11
3206 11
3207 10
3208 9
3209 12
3210 7
3211 8
3212 11
3213 10
3214 10
3215 12
3216 14
3217 14
3218 9
3219 9
3220 13
3221 10
3222 13
3223 11
3224 12
3225 12
3226 11
3227 12
3228 9
3229 9
3230 11
3231 8
3232 17
3233 9
3234 11
3235 13
3236 13
3237 12
3238 14
3239 8
3240 10
3241 7
3242 12
3243 9
3244 13
3245 11
3246 11
3247 12
3248 12
3249 10
3250 12
3251 9
3252 9
3253 16
3254 12
3255 12
3256 10
3257 11
3258 10
3259 13
3260 10
3261 14
3262 12
3263 13
3264 8
3265 8
3266 8
3267 13
3268 10
3269 8
3270 12
3271 13
3272 13
3273 14
3274 14
3275 9
3276 8
3277 9
3278 11
3279 15
3280 11
3281 17
3282 12
3283 11
3284 10
3285 9
3286 12
3287 8
3288 12
3289 13
3290 12
3291 12
3292 17
3293 10
3294 14
3295 8
3296 8
3297 12
3298 11
3299 13
3300 10
3301 11
3302 14
3303 14
3304 19
3305 11
3306 11
3307 9
3308 11
3309 11
3310 12
3311 12
3312 13
3313 10
3314 8
3315 10
3316 12
3317 10
3318 13
3319 11
3320 11
3321 11
3322 11
3323 14
3324 12
3325 11
3326 10
3327 9
3328 10
3329 10
3330 12
3331 9
3332 12
3333 13
3334 10
3335 7
3336 9
3337 16
3338 15
3339 14
3340 15
3341 14
3342 11
3343 10
3344 8
3345 15
3346 13
3347 11
3348 9
3349 14
3350 12
3351 12
3352 11
3353 11
3354 11
3355 13
3356 10
3357 12
3358 12
3359 8
3360 11
3361 12
3362 12
3363 12
3364 9
3365 11
3366 10
3367 9
3368 10
3369 9
3370 8
3371 9
3372 9
3373 8
3374 13
3375 10
3376 9
3377 12
3378 9
3379 9
3380 14
3381 12
3382 10
3383 12
3384 10
3385 10
3386 11
3387 10
3388 12
3389 11
3390 13
3391 13
3392 15
3393 11
3394 11
3395 13
3396 8
3397 11
3398 10
3399 10
3400 8
3401 11
3402 12
3403 12
3404 14
3405 15
3406 9
3407 12
3408 16
3409 15
3410 10
3411 9
3412 13
3413 14
3414 7
3415 11
3416 12
3417 12
3418 5
3419 9
3420 8
3421 10
3422 14
3423 11
3424 15
3425 12
3426 12
3427 14
3428 8
3429 14
3430 14
3431 10
3432 12
3433 13
3434 10
3435 16
3436 12
3437 9
3438 11
3439 8
3440 10
3441 12
3442 8
3443 9
3444 16
3445 10
3446 10
3447 10
3448 12
3449 13
3450 9
3451 16
3452 13
3453 12
3454 12
3455 9
3456 10
3457 10
3458 16
3459 10
3460 14
3461 10
3462 11
3463 7
3464 11
3465 11
3466 10
3467 11
3468 8
3469 14
3470 12
3471 7
3472 10
3473 12
3474 10
3475 9
3476 7
3477 12
3478 12
3479 12
3480 12
3481 12
3482 10
3483 19
3484 9
3485 8
3486 13
3487 9
3488 10
3489 10
3490 16
3491 11
3492 12
3493 9
3494 11
3495 10
3496 11
3497 13
3498 11
3499 11
3500 9
3501 11
3502 12
3503 14
3504 9
3505 9
3506 12
3507 9
3508 11
3509 7
3510 15
3511 12
3512 10
3513 14
3514 11
3515 8
3516 7
3517 16
3518 11
3519 7
3520 10
3521 9
3522 10
3523 13
3524 9
3525 13
3526 11
3527 8
3528 13
3529 14
3530 15
3531 9
3532 8
3533 8
3534 10
3535 9
3536 12
3537 10
3538 8
3539 11
3540 11
3541 13
3542 16
3543 14
3544 13
3545 13
3546 15
3547 12
3548 9
3549 6
3550 13
3551 15
3552 12
3553 11
3554 9
3555 11
3556 7
3557 9
3558 14
3559 11
3560 11
3561 8
3562 12
3563 12
3564 11
3565 14
3566 14
3567 16
3568 12
3569 9
3570 11
3571 12
3572 11
3573 11
3574 10
3575 12
3576 12
3577 12
3578 8
3579 11
3580 6
3581 10
3582 9
3583 13
3584 10
3585 15
3586 12
3587 10
3588 13
3589 10
3590 11
3591 13
3592 11
3593 9
3594 13
3595 14
3596 12
3597 15
3598 16
3599 12
3600 12
3601 7
3602 10
3603 8
3604 13
3605 10
3606 11
3607 8
3608 10
3609 9
3610 12
3611 12
3612 11
3613 14
3614 11
3615 12
3616 12
3617 13
3618 12
3619 10
3620 11
3621 13
3622 11
3623 13
3624 11
3625 10
3626 10
3627 14
3628 13
3629 13
3630 10
3631 12
3632 10
3633 14
3634 10
3635 9
3636 15
3637 11
3638 8
3639 11
3640 9
3641 12
3642 9
3643 11
3644 10
3645 14
3646 14
3647 12
3648 12
3649 12
3650 15
3651 12
3652 11
3653 12
3654 11
3655 11
3656 11
3657 10
3658 11
3659 15
3660 10
3661 9
3662 12
3663 11
3664 12
3665 9
3666 6
3667 9
3668 12
3669 7
3670 10
3671 8
3672 11
3673 10
3674 10
3675 10
3676 14
3677 8
3678 10
3679 11
3680 12
3681 14
3682 8
3683 13
3684 10
3685 14
3686 12
3687 12
3688 11
3689 12
3690 11
3691 14
3692 11
3693 11
3694 16
3695 12
3696 10
3697 5
3698 11
3699 11
3700 10
3701 14
3702 12
3703 15
3704 5
3705 12
3706 12
3707 16
3708 12
3709 17
3710 16
3711 17
3712 15
3713 10
3714 7
3715 10
3716 9
3717 9
3718 11
3719 15
3720 11
3721 15
3722 8
3723 12
3724 11
3725 9
3726 14
3727 14
3728 10
3729 14
3730 12
3731 13
3732 12
3733 12
3734 14
3735 10
3736 7
3737 14
3738 13
3739 12
3740 9
3741 12
3742 6
3743 10
3744 14
3745 11
3746 9
3747 10
3748 12
3749 9
3750 11
3751 11
3752 12
3753 12
3754 9
3755 9
3756 10
3757 7
3758 10
3759 13
3760 12
3761 8
3762 9
3763 11
3764 14
3765 13
3766 10
3767 9
3768 12
3769 14
3770 13
3771 9
3772 11
3773 16
3774 14
3775 12
3776 10
3777 10
3778 14
3779 8
3780 8
3781 13
3782 12
3783 11
3784 10
3785 10
3786 14
3787 13
3788 6
3789 9
3790 8
3791 14
3792 12
3793 15
3794 16
3795 12
3796 11
3797 12
3798 6
3799 11
3800 10
3801 9
3802 10
3803 12
3804 12
3805 13
3806 9
3807 12
3808 12
3809 10
3810 12
3811 11
3812 10
3813 12
3814 10
3815 11
3816 11
3817 11
3818 14
3819 10
3820 10
3821 13
3822 10
3823 11
3824 8
3825 9
3826 13
3827 12
3828 11
3829 12
3830 8
3831 16
3832 10
3833 13
3834 8
3835 9
3836 13
3837 13
3838 11
3839 10
3840 11
3841 9
3842 14
3843 12
3844 14
3845 10
3846 12
3847 13
3848 7
3849 12
3850 8
3851 14
3852 10
3853 10
3854 11
3855 8
3856 8
3857 13
3858 9
3859 12
3860 8
3861 10
3862 10
3863 9
3864 12
3865 12
3866 11
3867 10
3868 13
3869 14
3870 11
3871 9
3872 10
3873 14
3874 11
3875 11
3876 14
3877 12
3878 13
3879 11
3880 13
3881 10
3882 10
3883 10
3884 6
3885 14
3886 10
3887 6
3888 10
3889 3
3890 13
3891 10
3892 8
3893 13
3894 12
3895 13
3896 13
3897 9
3898 12
3899 12
3900 10
3901 9
3902 11
3903 13
3904 12
3905 15
3906 11
3907 10
3908 12
3909 13
3910 14
3911 10
3912 10
3913 12
3914 10
3915 13
3916 13
3917 12
3918 10
3919 9
3920 17
3921 13
3922 11
3923 10
3924 15
3925 13
3926 10
3927 12
3928 8
3929 14
3930 10
3931 12
3932 10
3933 12
3934 9
3935 13
3936 6
3937 10
3938 12
3939 15
3940 14
3941 11
3942 10
3943 12
3944 13
3945 11
3946 12
3947 14
3948 9
3949 10
3950 8
3951 11
3952 12
3953 9
3954 12
3955 8
3956 8
3957 9
3958 9
3959 7
3960 9
3961 13
3962 13
3963 10
3964 13
3965 7
3966 8
3967 13
3968 11
3969 13
3970 8
3971 9
3972 9
3973 12
3974 12
3975 12
3976 16
3977 10
3978 9
3979 12
3980 12
3981 11
3982 16
3983 14
3984 12
3985 11
3986 13
3987 14
3988 9
3989 10
3990 12
3991 10
3992 12
3993 12
3994 15
3995 10
3996 11
3997 11
3998 12
3999 13
4000 12
4001 13
4002 14
4003 9
4004 12
4005 9
4006 8
4007 11
4008 14
4009 13
4010 11
4011 13
4012 11
4013 11
4014 13
4015 12
4016 9
4017 11
4018 5
4019 18
4020 13
4021 11
4022 10
4023 12
4024 10
4025 11
4026 15
4027 11
4028 12
4029 9
4030 14
4031 12
4032 10
4033 11
4034 11
4035 15
4036 14
4037 8
4038 10
4039 14
4040 14
4041 13
4042 10
4043 8
4044 7
4045 11
4046 15
4047 12
4048 17
4049 11
4050 12
4051 12
4052 13
4053 10
4054 17
4055 9
4056 13
4057 9
4058 14
4059 15
4060 11
4061 8
4062 14
4063 13
4064 12
4065 14
4066 9
4067 10
4068 12
4069 11
4070 11
4071 9
4072 12
4073 11
4074 18
4075 10
4076 9
4077 7
4078 16
4079 13
4080 13
4081 11
4082 10
4083 8
4084 9
4085 13
4086 9
4087 12
4088 18
4089 18
4090 12
4091 12
4092 11
4093 11
4094 12
4095 10
4096 12
4097 12
4098 11
4099 13
4100 12
4101 13
4102 10
4103 8
4104 12
4105 11
4106 7
4107 17
4108 12
4109 13
4110 12
4111 11
4112 10
4113 10
4114 11
4115 14
4116 11
4117 8
4118 9
4119 11
4120 11
4121 15
4122 7
4123 11
4124 9
4125 11
4126 12
4127 11
4128 11
4129 15
4130 13
4131 10
4132 14
4133 12
4134 12
4135 10
4136 12
4137 8
4138 11
4139 12
4140 13
4141 15
4142 12
4143 10
4144 15
4145 10
4146 12
4147 12
4148 12
4149 11
4150 14
4151 14
4152 10
4153 13
4154 13
4155 8
4156 10
4157 16
4158 9
4159 11
4160 9
4161 14
4162 11
4163 10
4164 10
4165 13
4166 11
4167 10
4168 9
4169 10
4170 11
4171 14
4172 11
4173 13
4174 12
4175 10
4176 10
4177 13
4178 12
4179 12
4180 10
4181 10
4182 14
4183 9
4184 10
4185 13
4186 12
4187 11
4188 11
4189 11
4190 11
4191 12
4192 12
4193 11
4194 10
4195 7
4196 10
4197 8
4198 10
4199 10
4200 11
4201 12
4202 10
4203 13
4204 12
4205 12
4206 9
4207 10
4208 13
4209 12
4210 8
4211 13
4212 10
4213 8
4214 11
4215 12
4216 12
4217 12
4218 12
4219 9
4220 10
4221 14
4222 12
4223 11
4224 11
4225 9
4226 14
4227 9
4228 9
4229 14
4230 12
4231 8
4232 13
4233 10
4234 10
4235 14
4236 11
4237 13
4238 14
4239 7
4240 9
4241 12
4242 13
4243 12
4244 9
4245 15
4246 15
4247 11
4248 11
4249 17
4250 14
4251 14
4252 8
4253 11
4254 13
4255 10
4256 9
4257 13
4258 17
4259 12
4260 13
4261 10
4262 5
4263 15
4264 8
4265 12
4266 13
4267 9
4268 11
4269 9
4270 7
4271 13
4272 12
4273 9
4274 10
4275 8
4276 10
4277 11
4278 9
4279 12
4280 10
4281 10
4282 9
4283 15
4284 13
4285 16
4286 13
4287 12
4288 9
4289 11
4290 9
4291 12
4292 12
4293 7
4294 8
4295 13
4296 9
4297 11
4298 10
4299 8
4300 10
4301 10
4302 11
4303 9
4304 11
4305 14
4306 11
4307 12
4308 12
4309 9
4310 11
4311 10
4312 9
4313 13
4314 6
4315 13
4316 10
4317 10
4318 9
4319 8
4320 9
4321 14
4322 12
4323 9
4324 11
4325 13
4326 12
4327 14
4328 11
4329 10
4330 11
4331 15
4332 13
4333 11
4334 16
4335 11
4336 11
4337 15
4338 13
4339 14
4340 13
4341 11
4342 16
4343 13
4344 14
4345 13
4346 6
4347 13
4348 12
4349 11
4350 9
4351 13
4352 7
4353 12
4354 12
4355 15
4356 12
4357 7
4358 15
4359 15
4360 10
4361 13
4362 11
4363 9
4364 12
4365 9
4366 10
4367 12
4368 10
4369 10
4370 7
4371 12
4372 10
4373 11
4374 6
4375 13
4376 11
4377 12
4378 9
4379 13
4380 8
4381 10
4382 6
4383 13
4384 11
4385 11
4386 11
4387 14
4388 10
4389 12
4390 11
4391 15
4392 15
4393 12
4394 10
4395 10
4396 15
4397 10
4398 11
4399 12
4400 8
4401 9
4402 11
4403 12
4404 9
4405 11
4406 12
4407 14
4408 16
4409 13
4410 7
4411 12
4412 5
4413 10
4414 11
4415 10
4416 7
4417 11
4418 11
4419 7
4420 7
4421 10
4422 13
4423 8
4424 10
4425 6
4426 10
4427 11
4428 9
4429 11
4430 11
4431 15
4432 9
4433 10
4434 11
4435 12
4436 13
4437 13
4438 10
4439 11
4440 13
4441 11
4442 11
4443 6
4444 11
4445 13
4446 16
4447 11
4448 15
4449 14
4450 12
4451 11
4452 11
4453 12
4454 11
4455 5
4456 13
4457 8
4458 11
4459 10
4460 9
4461 11
4462 10
4463 11
4464 8
4465 13
4466 11
4467 10
4468 11
4469 15
4470 11
4471 10
4472 8
4473 9
4474 12
4475 17
4476 12
4477 10
4478 7
4479 13
4480 9
4481 13
4482 10
4483 17
4484 15
4485 12
4486 13
4487 13
4488 12
4489 10
4490 9
4491 15
4492 16
4493 11
4494 10
4495 14
4496 13
4497 11
4498 10
4499 10
4500 12
4501 12
4502 14
4503 9
4504 11
4505 14
4506 10
4507 8
4508 10
4509 10
4510 11
4511 9
4512 11
4513 7
4514 12
4515 9
4516 10
4517 13
4518 12
4519 9
4520 19
4521 12
4522 8
4523 13
4524 10
4525 10
4526 12
4527 11
4528 12
4529 10
4530 11
4531 16
4532 13
4533 6
4534 11
4535 12
4536 13
4537 8
4538 7
4539 13
4540 13
4541 10
4542 12
4543 12
4544 10
4545 8
4546 12
4547 13
4548 13
4549 13
4550 11
4551 11
4552 9
4553 9
4554 10
4555 10
4556 18
4557 15
4558 12
4559 8
4560 13
4561 9
4562 12
4563 8
4564 9
4565 13
4566 13
4567 12
4568 8
4569 10
4570 14
4571 5
4572 18
4573 10
4574 11
4575 10
4576 10
4577 13
4578 14
4579 10
4580 13
4581 10
4582 10
4583 12
4584 11
4585 9
4586 8
4587 14
4588 15
4589 11
4590 12
4591 9
4592 10
4593 11
4594 11
4595 12
4596 11
4597 7
4598 9
4599 9
4600 9
4601 12
4602 11
4603 11
4604 7
4605 10
4606 9
4607 12
4608 10
4609 10
4610 15
4611 12
4612 7
4613 15
4614 8
4615 13
4616 10
4617 16
4618 6
4619 17
4620 9
4621 14
4622 12
4623 12
4624 11
4625 7
4626 11
4627 13
4628 10
4629 14
4630 10
4631 11
4632 13
4633 8
4634 13
4635 15
4636 14
4637 8
4638 12
4639 12
4640 11
4641 9
4642 12
4643 9
4644 10
4645 13
4646 8
4647 11
4648 12
4649 11
4650 10
4651 11
4652 10
4653 10
4654 14
4655 10
4656 9
4657 12
4658 10
4659 11
4660 11
4661 6
4662 11
4663 12
4664 12
4665 9
4666 4
4667 7
4668 10
4669 13
4670 13
4671 9
4672 8
4673 8
4674 11
4675 12
4676 11
4677 9
4678 15
4679 16
4680 13
4681 7
4682 8
4683 6
4684 4
4685 9
4686 13
4687 10
4688 14
4689 7
4690 11
4691 14
4692 10
4693 11
4694 8
4695 9
4696 8
4697 11
4698 11
4699 11
4700 9
4701 10
4702 13
4703 10
4704 9
4705 19
4706 13
4707 11
4708 13
4709 10
4710 12
4711 8
4712 10
4713 11
4714 11
4715 10
4716 11
4717 14
4718 15
4719 16
4720 11
4721 13
4722 11
4723 11
4724 8
4725 12
4726 8
4727 14
4728 10
4729 6
4730 11
4731 17
4732 12
4733 9
4734 11
4735 14
4736 12
4737 9
4738 11
4739 11
4740 12
4741 16
4742 8
4743 10
4744 12
4745 10
4746 10
4747 9
4748 11
4749 11
4750 11
4751 11
4752 8
4753 13
4754 12
4755 11
4756 13
4757 12
4758 16
4759 17
4760 12
4761 8
4762 17
4763 15
4764 12
4765 14
4766 8
4767 11
4768 10
4769 11
4770 8
4771 13
4772 12
4773 16
4774 8
4775 7
4776 12
4777 11
4778 13
4779 10
4780 8
4781 9
4782 12
4783 12
4784 12
4785 12
4786 11
4787 11
4788 12
4789 8
4790 13
4791 16
4792 13
4793 8
4794 15
4795 10
4796 9
4797 11
4798 11
4799 12
4800 7
4801 10
4802 10
4803 10
4804 12
4805 11
4806 11
4807 13
4808 14
4809 11
4810 10
4811 12
4812 11
4813 10
4814 11
4815 13
4816 13
4817 9
4818 13
4819 9
4820 9
4821 17
4822 11
4823 11
4824 9
4825 11
4826 12
4827 16
4828 14
4829 10
4830 11
4831 10
4832 10
4833 12
4834 12
4835 10
4836 10
4837 9
4838 12
4839 8
4840 10
4841 13
4842 8
4843 10
4844 9
4845 8
4846 12
4847 13
4848 13
4849 7
4850 12
4851 11
4852 11
4853 16
4854 11
4855 13
4856 16
4857 11
4858 8
4859 12
4860 9
4861 12
4862 14
4863 8
4864 12
4865 16
4866 9
4867 11
4868 9
4869 9
4870 13
4871 9
4872 12
4873 11
4874 13
4875 9
4876 8
4877 10
4878 8
4879 15
4880 8
4881 13
4882 14
4883 10
4884 12
4885 10
4886 12
4887 12
4888 9
4889 9
4890 12
4891 10
4892 14
4893 10
4894 8
4895 9
4896 14
4897 18
4898 9
4899 10
4900 15
4901 8
4902 10
4903 11
4904 10
4905 9
4906 9
4907 11
4908 10
4909 8
4910 10
4911 12
4912 8
4913 10
4914 10
4915 14
4916 10
4917 8
4918 12
4919 9
4920 12
4921 11
4922 14
4923 13
4924 12
4925 11
4926 13
4927 7
4928 10
4929 13
4930 16
4931 11
4932 8
4933 13
4934 11
4935 11
4936 12
4937 7
4938 12
4939 9
4940 7
4941 4
4942 14
4943 11
4944 7
4945 12
4946 13
4947 13
4948 10
4949 11
4950 14
4951 8
4952 10
4953 14
4954 11
4955 14
4956 14
4957 6
4958 10
4959 9
4960 11
4961 13
4962 14
4963 9
4964 10
4965 11
4966 13
4967 13
4968 10
4969 16
4970 13
4971 15
4972 14
4973 11
4974 11
4975 10
4976 7
4977 13
4978 10
4979 8
4980 13
4981 10
4982 12
4983 11
4984 12
4985 9
4986 12
4987 11
4988 14
4989 9
4990 14
4991 8
4992 15
4993 10
4994 15
4995 13
4996 12
4997 13
4998 7
4999 9
5000 10
