0 115
1 11
2 12
3 8
4 10
5 12
6 10
7 14
8 13
9 7
10 8
11 16
12 12
13 10
14 10
15 10
16 9
17 9
18 12
19 10
20 12
21 13
22 12
23 11
24 11
25 13
26 12
27 11
28 7
29 18
30 10
31 9
32 11
33 11
34 5
35 7
36 12
37 13
38 10
39 11
40 11
41 9
42 12
43 11
44 9
45 13
46 12
47 8
48 13
49 8
50 10
51 8
52 11
53 11
54 9
55 13
56 15
57 6
58 10
59 16
60 10
61 12
62 10
63 12
64 11
65 8
66 14
67 11
68 12
69 7
70 10
71 12
72 10
73 9
74 8
75 15
76 13
77 10
78 10
79 10
80 13
81 9
82 11
83 11
84 10
85 10
86 11
87 11
88 12
89 12
90 9
91 15
92 9
93 14
94 15
95 10
96 9
97 10
98 12
99 14
100 13
101 6
102 10
103 8
104 12
105 8
106 9
107 12
108 13
109 11
110 11
111 8
112 10
113 14
114 10
115 8
116 8
117 12
118 9
119 12
120 11
121 18
122 12
123 8
124 11
125 12
126 7
127 11
128 7
129 13
130 12
131 11
132 7
133 9
134 11
135 14
136 10
137 13
138 8
139 8
140 12
141 13
142 12
143 16
144 13
145 12
146 12
147 11
148 11
149 12
150 8
151 10
152 9
153 11
154 9
155 13
156 12
157 9
158 13
159 11
160 14
161 9
162 10
163 9
164 11
165 13
166 17
167 14
168 9
169 8
170 9
171 9
172 11
173 7
174 6
175 10
176 9
177 15
178 11
179 10
180 13
181 12
182 13
183 13
184 8
185 8
186 8
187 12
188 10
189 14
190 12
191 13
192 8
193 13
194 15
195 11
196 10
197 12
198 9
199 12
200 12
201 6
202 11
203 11
204 9
205 10
206 9
207 10
208 9
209 8
210 15
211 7
212 15
213 8
214 9
215 11
216 9
217 14
218 13
219 10
220 13
221 12
222 10
223 11
224 12
225 12
226 12
227 11
228 10
229 11
230 10
231 13
232 9
233 12
234 11
235 9
236 12
237 11
238 9
239 10
240 10
241 10
242 10
243 8
244 11
245 9
246 8
247 13
248 11
249 11
250 8
251 12
252 12
253 9
254 15
255 9
256 8
257 12
258 12
259 17
260 13
261 10
262 13
263 13
264 10
265 9
266 9
267 16
268 12
269 12
270 9
271 12
272 17
273 12
274 8
275 9
276 8
277 15
278 10
279 10
280 12
281 11
282 12
283 9
284 13
285 15
286 16
287 14
288 12
289 11
290 13
291 19
292 6
293 11
294 11
295 10
296 12
297 12
298 12
299 9
300 14
301 11
302 10
303 16
304 10
305 13
306 14
307 15
308 13
309 12
310 9
311 9
312 14
313 9
314 10
315 8
316 12
317 12
318 15
319 14
320 8
321 12
322 11
323 10
324 11
325 13
326 15
327 15
328 15
329 12
330 12
331 15
332 11
333 11
334 13
335 11
336 10
337 8
338 12
339 10
340 8
341 12
342 12
343 12
344 11
345 13
346 11
347 9
348 10
349 11
350 11
351 15
352 12
353 8
354 12
355 13
356 8
357 8
358 12
359 9
360 14
361 12
362 8
363 12
364 10
365 16
366 8
367 12
368 8
369 12
370 11
371 12
372 11
373 8
374 12
375 12
376 10
377 13
378 9
379 12
380 14
381 12
382 9
383 11
384 9
385 15
386 6
387 12
388 13
389 8
390 7
391 13
392 9
393 12
394 10
395 12
396 9
397 11
398 14
399 13
400 11
401 10
402 12
403 12
404 12
405 14
406 11
407 9
408 10
409 9
410 15
411 8
412 11
413 10
414 14
415 10
416 9
417 11
418 12
419 14
420 13
421 14
422 11
423 12
424 5
425 12
426 7
427 9
428 11
429 10
430 13
431 8
432 12
433 9
434 7
435 15
436 12
437 10
438 11
439 11
440 10
441 10
442 13
443 13
444 10
445 10
446 12
447 9
448 8
449 9
450 12
451 10
452 10
453 13
454 16
455 14
456 10
457 12
458 11
459 13
460 12
461 12
462 11
463 7
464 10
465 11
466 13
467 13
468 8
469 16
470 12
471 12
472 14
473 11
474 16
475 11
476 13
477 8
478 10
479 11
480 12
481 16
482 8
483 9
484 12
485 11
486 13
487 8
488 11
489 15
490 10
491 11
492 11
493 11
494 8
495 13
496 11
497 6
498 9
499 12
500 14
501 15
502 13
503 14
504 12
505 8
506 8
507 8
508 15
509 9
510 13
511 15
512 10
513 11
514 8
515 8
516 11
517 14
518 9
519 12
520 9
521 10
522 4
523 10
524 16
525 12
526 16
527 10
528 16
529 10
530 9
531 11
532 11
533 8
534 15
535 15
536 10
537 12
538 13
539 10
540 16
541 13
542 11
543 12
544 13
545 9
546 13
547 8
548 12
549 14
550 14
551 11
552 9
553 15
554 11
555 14
556 8
557 12
558 9
559 8
560 9
561 13
562 7
563 9
564 11
565 11
566 17
567 13
568 12
569 10
570 12
571 11
572 11
573 12
574 10
575 11
576 11
577 8
578 13
579 12
580 12
581 10
582 16
583 11
584 16
585 12
586 7
587 6
588 11
589 13
590 11
591 7
592 10
593 13
594 12
595 10
596 14
597 11
598 12
599 10
600 9
601 14
602 12
603 12
604 13
605 11
606 12
607 10
608 12
609 11
610 11
611 8
612 12
613 13
614 8
615 8
616 7
617 12
618 13
619 11
620 11
621 10
622 7
623 12
624 9
625 9
626 13
627 7
628 13
629 13
630 12
631 11
632 13
633 13
634 12
635 9
636 9
637 9
638 9
639 13
640 8
641 12
642 9
643 13
644 11
645 10
646 8
647 14
648 10
649 13
650 9
651 12
652 11
653 11
654 11
655 13
656 12
657 10
658 10
659 11
660 8
661 14
662 13
663 15
664 11
665 10
666 11
667 12
668 13
669 11
670 12
671 6
672 10
673 8
674 9
675 9
676 10
677 12
678 11
679 10
680 13
681 12
682 12
683 14
684 8
685 12
686 13
687 13
688 12
689 10
690 10
691 9
692 8
693 8
694 9
695 10
696 14
697 13
698 13
699 11
700 8
701 15
702 12
703 10
704 9
705 12
706 11
707 12
708 9
709 14
710 14
711 12
712 10
713 11
714 12
715 8
716 14
717 12
718 16
719 6
720 10
721 7
722 15
723 13
724 10
725 16
726 12
727 9
728 12
729 10
730 10
731 15
732 11
733 12
734 9
735 8
736 13
737 10
738 13
739 14
740 13
741 11
742 11
743 12
744 15
745 12
746 8
747 12
748 12
749 9
750 11
751 11
752 11
753 5
754 12
755 9
756 13
757 11
758 11
759 14
760 14
761 11
762 11
763 13
764 12
765 10
766 9
767 8
768 9
769 10
770 12
771 10
772 12
773 9
774 10
775 13
776 11
777 15
778 9
779 8
780 10
781 13
782 12
783 9
784 12
785 14
786 11
787 10
788 10
789 13
790 16
791 13
792 12
793 10
794 11
795 13
796 11
797 10
798 12
799 13
800 11
801 13
802 11
803 9
804 8
805 11
806 6
807 14
808 13
809 9
810 14
811 9
812 12
813 8
814 11
815 9
816 9
817 11
818 10
819 12
820 16
821 10
822 12
823 13
824 14
825 7
826 13
827 11
828 12
829 9
830 13
831 9
832 11
833 10
834 9
835 11
836 13
837 12
838 9
839 11
840 9
841 8
842 10
843 12
844 17
845 12
846 15
847 9
848 7
849 12
850 10
851 15
852 12
853 15
854 13
855 14
856 10
857 11
858 14
859 11
860 12
861 10
862 13
863 12
864 13
865 10
866 9
867 11
868 6
869 12
870 13
871 17
872 11
873 13
874 11
875 13
876 11
877 16
878 12
879 10
880 10
881 13
882 14
883 9
884 10
885 12
886 9
887 10
888 13
889 16
890 9
891 14
892 10
893 9
894 12
895 9
896 5
897 14
898 12
899 10
900 8
901 12
902 11
903 13
904 11
905 10
906 10
907 10
908 8
909 9
910 11
911 15
912 12
913 13
914 8
915 13
916 11
917 14
918 11
919 12
920 10
921 11
922 10
923 10
924 10
925 13
926 10
927 10
928 13
929 12
930 15
931 12
932 13
933 11
934 9
935 12
936 9
937 9
938 12
939 12
940 10
941 8
942 10
943 13
944 12
945 13
946 15
947 15
948 12
949 13
950 9
951 9
952 11
953 15
954 15
955 8
956 10
957 11
958 10
959 11
960 15
961 17
962 12
963 12
964 13
965 12
966 8
967 13
968 10
969 9
970 11
971 10
972 11
973 10
974 8
975 10
976 12
977 11
978 12
979 12
980 11
981 11
982 9
983 11
984 12
985 7
986 8
987 12
988 11
989 15
990 11
991 6
992 9
993 14
994 9
995 11
996 12
997 12
998 11
999 9
1000 14
1001 9
1002 8
1003 12
1004 11
1005 12
1006 15
1007 12
1008 9
1009 9
1010 11
1011 11
1012 14
1013 9
1014 9
1015 7
1016 11
1017 15
1018 10
1019 9
1020 12
1021 9
1022 11
1023 11
1024 9
1025 11
1026 8
1027 10
1028 15
1029 11
1030 15
1031 11
1032 13
1033 12
1034 12
1035 9
1036 8
1037 12
1038 12
1039 11
1040 9
1041 11
1042 13
1043 9
1044 10
1045 11
1046 7
1047 13
1048 8
1049 16
1050 12
1051 8
1052 12
1053 12
1054 11
1055 17
1056 9
1057 10
1058 12
1059 13
1060 8
1061 10
1062 9
1063 12
1064 13
1065 14
1066 10
1067 14
1068 9
1069 11
1070 9
1071 12
1072 10
1073 11
1074 11
1075 16
1076 13
1077 10
1078 13
1079 15
1080 15
1081 9
1082 12
1083 9
1084 14
1085 13
1086 10
1087 11
1088 11
1089 12
1090 14
1091 9
1092 13
1093 10
1094 13
1095 12
1096 13
1097 15
1098 12
1099 11
1100 11
1101 11
1102 10
1103 12
1104 10
1105 7
1106 11
1107 7
1108 13
1109 9
1110 13
1111 13
1112 9
1113 8
1114 11
1115 13
1116 12
1117 12
1118 7
1119 12
1120 12
1121 10
1122 7
1123 14
1124 11
1125 11
1126 6
1127 15
1128 10
1129 12
1130 14
1131 11
1132 11
1133 14
1134 8
1135 10
1136 10
1137 11
1138 11
1139 17
1140 10
1141 13
1142 8
1143 7
1144 14
1145 11
1146 13
1147 13
1148 6
1149 11
1150 13
1151 13
1152 15
1153 11
1154 11
1155 13
1156 10
1157 6
1158 10
1159 12
1160 12
1161 14
1162 13
1163 10
1164 12
1165 12
1166 10
1167 13
1168 13
1169 9
1170 15
1171 10
1172 13
1173 11
1174 10
1175 12
1176 9
1177 13
1178 11
1179 11
1180 11
1181 13
1182 13
1183 16
1184 11
1185 13
1186 12
1187 10
1188 11
1189 13
1190 8
1191 18
1192 6
1193 14
1194 11
1195 16
1196 9
1197 12
1198 14
1199 9
1200 10
1201 12
1202 15
1203 12
1204 12
1205 10
1206 13
1207 17
1208 8
1209 12
1210 13
1211 7
1212 13
1213 15
1214 12
1215 15
1216 7
1217 7
1218 9
1219 12
1220 13
1221 8
1222 12
1223 12
1224 10
1225 12
1226 9
1227 14
1228 12
1229 16
1230 8
1231 14
1232 12
1233 12
1234 12
1235 10
1236 12
1237 14
1238 11
1239 10
1240 12
1241 12
1242 13
1243 8
1244 13
1245 10
1246 13
1247 7
1248 10
1249 11
1250 12
1251 12
1252 9
1253 12
1254 13
1255 10
1256 14
1257 11
1258 11
1259 11
1260 12
1261 10
1262 8
1263 12
1264 13
1265 9
1266 14
1267 12
1268 13
1269 11
1270 14
1271 14
1272 12
1273 11
1274 9
1275 12
1276 10
1277 12
1278 9
1279 10
1280 11
1281 9
1282 10
1283 10
1284 12
1285 11
1286 12
1287 10
1288 14
1289 11
1290 10
1291 12
1292 11
1293 12
1294 13
1295 9
1296 12
1297 10
1298 11
1299 9
1300 8
1301 10
1302 10
1303 14
1304 9
1305 9
1306 15
1307 5
1308 13
1309 10
1310 11
1311 11
1312 8
1313 11
1314 12
1315 15
1316 9
1317 11
1318 15
1319 12
1320 7
1321 9
1322 14
1323 7
1324 9
1325 12
1326 8
1327 12
1328 13
1329 11
1330 12
1331 6
1332 16
1333 12
1334 11
1335 9
1336 10
1337 10
1338 8
1339 14
1340 12
1341 13
1342 9
1343 12
1344 12
1345 14
1346 11
1347 13
1348 12
1349 13
1350 6
1351 9
1352 14
1353 11
1354 10
1355 14
1356 12
1357 11
1358 11
1359 11
1360 11
1361 14
1362 12
1363 8
1364 11
1365 10
1366 8
1367 11
1368 15
1369 12
1370 14
1371 13
1372 13
1373 10
1374 11
1375 9
1376 11
1377 12
1378 8
1379 13
1380 13
1381 11
1382 14
1383 10
1384 9
1385 10
1386 9
1387 11
1388 9
1389 8
1390 11
1391 13
1392 9
1393 12
1394 10
1395 13
1396 11
1397 12
1398 10
1399 9
1400 13
1401 17
1402 13
1403 11
1404 10
1405 11
1406 9
1407 11
1408 10
1409 9
1410 12
1411 13
1412 10
1413 11
1414 11
1415 12
1416 11
1417 10
1418 9
1419 10
1420 17
1421 12
1422 13
1423 9
1424 13
1425 11
1426 9
1427 15
1428 9
1429 12
1430 11
1431 11
1432 13
1433 13
1434 13
1435 11
1436 11
1437 12
1438 8
1439 10
1440 12
1441 11
1442 10
1443 10
1444 11
1445 9
1446 11
1447 10
1448 10
1449 12
1450 12
1451 14
1452 15
1453 17
1454 9
1455 12
1456 12
1457 9
1458 11
1459 10
1460 12
1461 8
1462 12
1463 15
1464 11
1465 14
1466 12
1467 12
1468 15
1469 13
1470 12
1471 12
1472 9
1473 9
1474 12
1475 14
1476 10
1477 12
1478 12
1479 14
1480 15
1481 13
1482 15
1483 11
1484 9
1485 12
1486 10
1487 8
1488 11
1489 10
1490 13
1491 13
1492 12
1493 12
1494 10
1495 11
1496 11
1497 9
1498 9
1499 11
1500 14
1501 13
1502 10
1503 6
1504 10
1505 8
1506 14
1507 10
1508 11
1509 11
1510 14
1511 17
1512 12
1513 8
1514 6
1515 12
1516 11
1517 11
1518 8
1519 11
1520 13
1521 13
1522 11
1523 14
1524 15
1525 12
1526 13
1527 13
1528 12
1529 11
1530 15
1531 12
1532 11
1533 12
1534 17
1535 12
1536 13
1537 13
1538 10
1539 12
1540 11
1541 11
1542 11
1543 12
1544 10
1545 12
1546 7
1547 12
1548 11
1549 8
1550 12
1551 9
1552 12
1553 12
1554 13
1555 10
1556 13
1557 10
1558 12
1559 10
1560 9
1561 12
1562 14
1563 10
1564 11
1565 10
1566 11
1567 12
1568 10
1569 10
1570 11
1571 14
1572 14
1573 10
1574 11
1575 10
1576 14
1577 14
1578 9
1579 11
1580 11
1581 8
1582 9
1583 9
1584 12
1585 9
1586 10
1587 16
1588 9
1589 12
1590 8
1591 13
1592 9
1593 16
1594 18
1595 12
1596 10
1597 10
1598 16
1599 9
1600 7
1601 8
1602 14
1603 9
1604 12
1605 9
1606 13
1607 9
1608 9
1609 11
1610 15
1611 11
1612 13
1613 14
1614 11
1615 9
1616 13
1617 13
1618 11
1619 10
1620 12
1621 13
1622 13
1623 12
1624 11
1625 11
1626 12
1627 10
1628 15
1629 14
1630 12
1631 15
1632 16
1633 6
1634 11
1635 12
1636 8
1637 8
1638 11
1639 15
1640 13
1641 11
1642 6
1643 5
1644 14
1645 6
1646 11
1647 15
1648 15
1649 12
1650 11
1651 10
1652 11
1653 7
1654 10
1655 13
1656 17
1657 11
1658 11
1659 8
1660 8
1661 11
1662 12
1663 11
1664 9
1665 9
1666 11
1667 8
1668 10
1669 9
1670 11
1671 8
1672 11
1673 8
1674 10
1675 10
1676 13
1677 12
1678 7
1679 13
1680 11
1681 9
1682 11
1683 9
1684 14
1685 11
1686 14
1687 12
1688 16
1689 11
1690 14
1691 9
1692 8
1693 15
1694 12
1695 11
1696 8
1697 10
1698 10
1699 10
1700 12
1701 13
1702 10
1703 11
1704 9
1705 12
1706 17
1707 14
1708 16
1709 11
1710 9
1711 11
1712 10
1713 15
1714 13
1715 9
1716 8
1717 10
1718 7
1719 12
1720 13
1721 10
1722 8
1723 8
1724 13
1725 13
1726 10
1727 17
1728 10
1729 10
1730 12
1731 10
1732 13
1733 13
1734 12
1735 11
1736 15
1737 11
1738 9
1739 11
1740 13
1741 15
1742 9
1743 10
1744 15
1745 8
1746 14
1747 10
1748 12
1749 12
1750 9
1751 9
1752 16
1753 9
1754 10
1755 14
1756 15
1757 15
1758 12
1759 11
1760 8
1761 9
1762 10
1763 8
1764 11
1765 12
1766 6
1767 14
1768 11
1769 8
1770 10
1771 9
1772 12
1773 11
1774 7
1775 13
1776 9
1777 16
1778 12
1779 8
1780 12
1781 16
1782 11
1783 10
1784 10
1785 14
1786 10
1787 10
1788 12
1789 11
1790 13
1791 11
1792 11
1793 9
1794 7
1795 15
1796 11
1797 9
1798 14
1799 13
1800 11
1801 11
1802 14
1803 11
1804 11
1805 10
1806 8
1807 6
1808 9
1809 13
1810 13
1811 11
1812 10
1813 12
1814 13
1815 14
1816 13
1817 12
1818 15
1819 12
1820 11
1821 10
1822 11
1823 9
1824 12
1825 10
1826 13
1827 14
1828 10
1829 9
1830 10
1831 8
1832 13
1833 10
1834 13
1835 14
1836 13
1837 13
1838 12
1839 11
1840 16
1841 10
1842 12
1843 11
1844 16
1845 10
1846 8
1847 11
1848 12
1849 14
1850 10
1851 4
1852 14
1853 9
1854 13
1855 12
1856 11
1857 11
1858 10
1859 14
1860 9
1861 11
1862 13
1863 12
1864 12
1865 12
1866 14
1867 13
1868 13
1869 6
1870 10
1871 10
1872 10
1873 10
1874 12
1875 13
1876 9
1877 14
1878 8
1879 11
1880 12
1881 11
1882 9
1883 10
1884 15
1885 12
1886 17
1887 11
1888 10
1889 9
1890 10
1891 13
1892 10
1893 13
1894 15
1895 11
1896 11
1897 12
1898 10
1899 11
1900 10
1901 12
1902 13
1903 8
1904 14
1905 17
1906 6
1907 10
1908 9
1909 15
1910 12
1911 9
1912 9
1913 13
1914 9
1915 16
1916 11
1917 14
1918 12
1919 6
1920 13
1921 9
1922 11
1923 11
1924 11
1925 13
1926 12
1927 9
1928 12
1929 14
1930 12
1931 11
1932 13
1933 10
1934 10
1935 11
1936 8
1937 13
1938 14
1939 13
1940 15
1941 9
1942 13
1943 9
1944 14
1945 13
1946 14
1947 9
1948 11
1949 9
1950 9
1951 10
1952 10
1953 6
1954 10
1955 9
1956 10
1957 11
1958 12
1959 12
1960 12
1961 13
1962 9
1963 12
1964 10
1965 13
1966 13
1967 13
1968 13
1969 13
1970 11
1971 9
1972 12
1973 13
1974 13
1975 10
1976 14
1977 14
1978 10
1979 9
1980 11
1981 15
1982 14
1983 12
1984 11
1985 18
1986 9
1987 12
1988 14
1989 13
1990 11
1991 10
1992 8
1993 10
1994 17
1995 13
1996 11
1997 11
1998 14
1999 18
2000 13
2001 12
2002 14
2003 13
2004 13
2005 9
2006 13
2007 11
2008 13
2009 9
2010 14
2011 13
2012 13
2013 9
2014 11
2015 13
2016 13
2017 11
2018 11
2019 13
2020 8
2021 11
2022 12
2023 10
2024 10
2025 15
2026 11
2027 10
2028 11
2029 13
2030 10
2031 16
2032 14
2033 15
2034 14
2035 13
2036 8
2037 10
2038 12
2039 9
2040 12
2041 14
2042 10
2043 9
2044 8
2045 12
2046 11
2047 13
2048 9
2049 12
2050 11
2051 7
2052 14
2053 13
2054 8
2055 10
2056 12
2057 10
2058 8
2059 8
2060 13
2061 10
2062 9
2063 10
2064 13
2065 10
2066 8
2067 12
2068 11
2069 13
2070 14
2071 14
2072 10
2073 9
2074 13
2075 12
2076 12
2077 12
2078 10
2079 9
2080 12
2081 12
2082 14
2083 14
2084 11
2085 11
2086 10
2087 11
2088 11
2089 12
2090 10
2091 10
2092 8
2093 13
2094 11
2095 12
2096 9
2097 8
2098 11
2099 12
2100 8
2101 14
2102 12
2103 9
2104 12
2105 10
2106 12
2107 11
2108 12
2109 13
2110 13
2111 9
2112 12
2113 12
2114 9
2115 10
2116 15
2117 13
2118 11
2119 10
2120 12
2121 12
2122 11
2123 13
2124 8
2125 9
2126 7
2127 13
2128 10
2129 13
2130 10
2131 13
2132 11
2133 13
2134 13
2135 11
2136 13
2137 15
2138 5
2139 15
2140 9
2141 8
2142 10
2143 8
2144 6
2145 10
2146 10
2147 10
2148 8
2149 13
2150 14
2151 12
2152 13
2153 6
2154 11
2155 11
2156 12
2157 12
2158 10
2159 9
2160 11
2161 12
2162 9
2163 11
2164 11
2165 9
2166 14
2167 10
2168 13
2169 10
2170 9
2171 15
2172 14
2173 11
2174 10
2175 11
2176 10
2177 15
2178 11
2179 8
2180 15
2181 9
2182 13
2183 12
2184 8
2185 10
2186 11
2187 13
2188 12
2189 15
2190 9
2191 15
2192 12
2193 12
2194 15
2195 5
2196 13
2197 10
2198 11
2199 13
2200 12
2201 10
2202 6
2203 9
2204 10
2205 12
2206 13
2207 10
2208 15
2209 12
2210 13
2211 7
2212 11
2213 13
2214 6
2215 11
2216 12
2217 10
2218 11
2219 13
2220 9
2221 12
2222 10
2223 10
2224 11
2225 11
2226 15
2227 11
2228 13
2229 9
2230 11
2231 13
2232 12
2233 14
2234 12
2235 12
2236 13
2237 9
2238 6
2239 12
2240 12
2241 12
2242 9
2243 12
2244 14
2245 14
2246 12
2247 11
2248 12
2249 7
2250 14
2251 15
2252 10
2253 7
2254 13
2255 8
2256 10
2257 9
2258 8
2259 9
2260 8
2261 8
2262 14
2263 13
2264 10
2265 13
2266 11
2267 13
2268 8
2269 14
2270 10
2271 10
2272 9
2273 11
2274 11
2275 12
2276 11
2277 8
2278 10
2279 10
2280 13
2281 10
2282 7
2283 11
2284 10
2285 13
2286 12
2287 9
2288 7
2289 16
2290 15
2291 8
2292 12
2293 11
2294 13
2295 10
2296 12
2297 13
2298 7
2299 11
2300 13
2301 10
2302 13
2303 12
2304 13
2305 10
2306 15
2307 9
2308 13
2309 12
2310 8
2311 11
2312 11
2313 14
2314 10
2315 9
2316 11
2317 13
2318 7
2319 7
2320 14
2321 11
2322 11
2323 9
2324 12
2325 8
2326 10
2327 14
2328 11
2329 9
2330 10
2331 11
2332 14
2333 8
2334 11
2335 15
2336 7
2337 6
2338 12
2339 9
2340 10
2341 12
2342 12
2343 11
2344 10
2345 14
2346 13
2347 7
2348 15
2349 13
2350 11
2351 14
2352 12
2353 10
2354 15
2355 15
2356 10
2357 13
2358 8
2359 6
2360 10
2361 9
2362 7
2363 9
2364 10
2365 13
2366 15
2367 8
2368 10
2369 13
2370 10
2371 10
2372 13
2373 9
2374 8
2375 5
2376 12
2377 11
2378 13
2379 10
2380 12
2381 11
2382 10
2383 12
2384 10
2385 9
2386 15
2387 9
2388 11
2389 14
2390 12
2391 12
2392 10
2393 10
2394 9
2395 13
2396 12
2397 13
2398 12
2399 10
2400 10
2401 6
2402 10
2403 14
2404 13
2405 12
2406 8
2407 12
2408 10
2409 9
2410 12
2411 10
2412 12
2413 8
2414 7
2415 8
2416 11
2417 6
2418 12
2419 10
2420 12
2421 10
2422 4
2423 12
2424 18
2425 11
2426 11
2427 13
2428 10
2429 13
2430 15
2431 14
2432 12
2433 11
2434 13
2435 12
2436 13
2437 14
2438 10
2439 7
2440 14
2441 12
2442 8
2443 12
2444 11
2445 14
2446 10
2447 14
2448 15
2449 11
2450 11
2451 12
2452 9
2453 13
2454 12
2455 9
2456 12
2457 14
2458 10
2459 6
2460 13
2461 10
2462 14
2463 11
2464 11
2465 9
2466 10
2467 11
2468 11
2469 15
2470 11
2471 11
2472 9
2473 13
2474 16
2475 7
2476 13
2477 15
2478 12
2479 12
2480 9
2481 11
2482 10
2483 11
2484 11
2485 10
2486 9
2487 13
2488 12
2489 10
2490 14
2491 11
2492 9
2493 14
2494 8
2495 9
2496 12
2497 12
2498 11
2499 7
2500 11
2501 10
2502 12
2503 12
2504 8
2505 10
2506 10
2507 16
2508 12
2509 7
2510 12
2511 12
2512 13
2513 13
2514 8
2515 10
2516 8
2517 10
2518 11
2519 13
2520 10
2521 10
2522 10
2523 12
2524 9
2525 11
2526 10
2527 9
2528 11
2529 13
2530 15
2531 8
2532 14
2533 9
2534 15
2535 13
2536 10
2537 10
2538 12
2539 13
2540 14
2541 12
2542 10
2543 15
2544 8
2545 16
2546 15
2547 16
2548 12
2549 10
2550 14
2551 15
2552 14
2553 14
2554 10
2555 13
2556 9
2557 12
2558 9
2559 12
2560 11
2561 9
2562 11
2563 8
2564 6
2565 10
2566 11
2567 14
2568 11
2569 12
2570 14
2571 11
2572 9
2573 15
2574 11
2575 12
2576 14
2577 9
2578 11
2579 10
2580 13
2581 11
2582 13
2583 12
2584 8
2585 13
2586 16
2587 12
2588 8
2589 14
2590 10
2591 11
2592 5
2593 9
2594 10
2595 10
2596 11
2597 11
2598 11
2599 10
2600 11
2601 10
2602 9
2603 14
2604 17
2605 16
2606 12
2607 9
2608 13
2609 13
2610 6
2611 15
2612 8
2613 10
2614 11
2615 10
2616 11
2617 9
2618 12
2619 13
2620 13
2621 12
2622 14
2623 9
2624 13
2625 14
2626 11
2627 15
2628 13
2629 10
2630 13
2631 15
2632 10
2633 11
2634 11
2635 14
2636 12
2637 13
2638 11
2639 12
2640 6
2641 9
2642 13
2643 8
2644 7
2645 11
2646 11
2647 10
2648 13
2649 9
2650 15
2651 11
2652 11
2653 10
2654 13
2655 10
2656 13
2657 9
2658 9
2659 13
2660 8
2661 7
2662 14
2663 9
2664 11
2665 9
2666 13
2667 16
2668 14
2669 14
2670 13
2671 12
2672 8
2673 13
2674 13
2675 11
2676 9
2677 10
2678 11
2679 11
2680 10
2681 13
2682 11
2683 9
2684 11
2685 11
2686 12
2687 14
2688 10
2689 7
2690 7
2691 12
2692 10
2693 9
2694 13
2695 13
2696 15
2697 7
2698 14
2699 10
2700 10
2701 10
2702 11
2703 11
2704 12
2705 14
2706 12
2707 10
2708 11
2709 9
2710 9
2711 11
2712 12
2713 11
2714 10
2715 13
2716 13
2717 9
2718 12
2719 11
2720 9
2721 10
2722 10
2723 6
2724 10
2725 10
2726 9
2727 8
2728 11
2729 15
2730 9
2731 9
2732 10
2733 7
2734 13
2735 13
2736 9
2737 13
2738 14
2739 13
2740 11
2741 6
2742 9
2743 15
2744 14
2745 14
2746 11
2747 8
2748 11
2749 17
2750 10
2751 9
2752 8
2753 10
2754 9
2755 10
2756 11
2757 12
2758 13
2759 12
2760 12
2761 13
2762 10
2763 10
2764 12
2765 8
2766 10
2767 11
2768 11
2769 10
2770 12
2771 13
2772 12
2773 7
2774 11
2775 9
2776 9
2777 10
2778 7
2779 9
2780 8
2781 15
2782 14
2783 8
2784 11
2785 15
2786 10
2787 12
2788 9
2789 14
2790 9
2791 8
2792 11
2793 13
2794 10
2795 10
2796 14
2797 12
2798 11
2799 7
2800 8
2801 10
2802 10
2803 8
2804 13
2805 14
2806 10
2807 9
2808 9
2809 13
2810 14
2811 12
2812 9
2813 13
2814 11
2815 12
2816 11
2817 10
2818 16
2819 11
2820 9
2821 10
2822 10
2823 15
2824 12
2825 10
2826 11
2827 10
2828 8
2829 11
2830 10
2831 11
2832 10
2833 12
2834 11
2835 12
2836 8
2837 10
2838 11
2839 9
2840 11
2841 6
2842 11
2843 13
2844 8
2845 14
2846 14
2847 9
2848 10
2849 14
2850 10
2851 14
2852 10
2853 11
2854 8
2855 10
2856 12
2857 9
2858 11
2859 11
2860 11
2861 8
2862 13
2863 9
2864 14
2865 10
2866 16
2867 11
2868 13
2869 8
2870 11
2871 13
2872 9
2873 9
2874 15
2875 10
2876 11
2877 12
2878 10
2879 12
2880 11
2881 10
2882 11
2883 13
2884 13
2885 9
2886 12
2887 13
2888 10
2889 13
2890 7
2891 11
2892 7
2893 9
2894 7
2895 13
2896 10
2897 10
2898 12
2899 14
2900 14
2901 11
2902 12
2903 16
2904 15
2905 12
2906 12
2907 13
2908 10
2909 15
2910 9
2911 12
2912 14
2913 10
2914 14
2915 11
2916 12
2917 11
2918 12
2919 8
2920 13
2921 12
2922 11
2923 8
2924 13
2925 7
2926 13
2927 13
2928 11
2929 15
2930 10
2931 12
2932 13
2933 11
2934 12
2935 11
2936 15
2937 14
2938 8
2939 9
2940 11
2941 10
2942 13
2943 11
2944 15
2945 10
2946 8
2947 13
2948 11
2949 11
2950 10
2951 10
2952 12
2953 10
2954 13
2955 9
2956 9
2957 11
2958 10
2959 8
2960 12
2961 12
2962 13
2963 10
2964 8
2965 8
2966 9
2967 14
2968 10
2969 9
2970 15
2971 8
2972 11
2973 10
2974 14
2975 9
2976 12
2977 12
2978 8
2979 13
2980 13
2981 10
2982 9
2983 14
2984 14
2985 13
2986 13
2987 11
2988 9
2989 11
2990 15
2991 6
2992 12
2993 9
2994 13
2995 9
2996 12
2997 13
2998 15
2999 13
3000 13
3001 6
3002 13
3003 12
3004 13
3005 10
3006 10
3007 9
3008 10
3009 15
3010 13
3011 8
3012 12
3013 12
3014 11
3015 13
3016 14
3017 10
3018 13
3019 10
3020 11
3021 11
3022 10
3023 10
3024 15
3025 11
3026 14
3027 9
3028 12
3029 8
3030 15
3031 6
3032 9
3033 15
3034 11
3035 10
3036 11
3037 10
3038 10
3039 14
3040 11
3041 7
3042 7
3043 12
3044 11
3045 10
3046 12
3047 15
3048 8
3049 12
3050 13
3051 7
3052 10
3053 12
3054 10
3055 12
3056 8
3057 10
3058 8
3059 14
3060 12
3061 12
3062 8
3063 16
3064 13
3065 11
3066 9
3067 13
3068 11
3069 10
3070 11
3071 9
3072 10
3073 11
3074 8
3075 12
3076 9
3077 13
3078 8
3079 8
3080 15
3081 11
3082 8
3083 12
3084 10
3085 11
3086 10
3087 13
3088 13
3089 15
3090 6
3091 14
3092 14
3093 10
3094 12
3095 11
3096 12
3097 12
3098 7
3099 13
3100 9
3101 14
3102 11
3103 13
3104 10
3105 13
3106 11
3107 17
3108 12
3109 13
3110 6
3111 10
3112 17
3113 9
3114 8
3115 9
3116 11
3117 11
3118 11
3119 12
3120 13
3121 11
3122 12
3123 10
3124 13
3125 11
3126 12
3127 13
3128 8
3129 10
3130 12
3131 9
3132 11
3133 12
3134 11
3135 15
3136 10
3137 11
3138 11
3139 10
3140 10
3141 11
3142 16
3143 9
3144 10
3145 10
3146 9
3147 9
3148 8
3149 11
3150 14
3151 7
3152 8
3153 10
3154 12
3155 12
3156 12
3157 13
3158 8
3159 12
3160 14
3161 11
3162 12
3163 6
3164 8
3165 12
3166 13
3167 7
3168 11
3169 9
3170 12
3171 14
3172 8
3173 10
3174 13
3175 13
3176 12
3177 12
3178 7
3179 17
3180 11
3181 12
3182 10
3183 11
3184 6
3185 8
3186 10
3187 6
3188 12
3189 7
3190 6
3191 9
3192 7
3193 11
3194 10
3195 9
3196 14
3197 13
3198 12
3199 8
3200 16
3201 9
3202 11
3203 12
3204 11
3205 12
3206 14
3207 9
3208 13
3209 11
3210 11
3211 10
3212 18
3213 11
3214 12
3215 8
3216 9
3217 9
3218 14
3219 13
3220 15
3221 14
3222 11
3223 10
3224 9
3225 13
3226 11
3227 16
3228 11
3229 11
3230 11
3231 13
3232 10
3233 12
3234 10
3235 14
3236 10
3237 10
3238 9
3239 10
3240 12
3241 8
3242 10
3243 13
3244 10
3245 9
3246 8
3247 13
3248 12
3249 11
3250 12
3251 10
3252 11
3253 9
3254 8
3255 13
3256 10
3257 11
3258 12
3259 11
3260 11
3261 10
3262 5
3263 13
3264 18
3265 10
3266 7
3267 12
3268 9
3269 11
3270 10
3271 5
3272 10
3273 13
3274 8
3275 11
3276 8
3277 10
3278 10
3279 14
3280 11
3281 11
3282 10
3283 7
3284 14
3285 10
3286 7
3287 13
3288 13
3289 14
3290 13
3291 10
3292 8
3293 12
3294 16
3295 15
3296 10
3297 10
3298 8
3299 12
3300 10
3301 7
3302 11
3303 14
3304 12
3305 10
3306 17
3307 12
3308 11
3309 13
3310 9
3311 11
3312 13
3313 15
3314 12
3315 12
3316 12
3317 13
3318 8
3319 10
3320 13
3321 12
3322 8
3323 9
3324 16
3325 8
3326 13
3327 11
3328 12
3329 9
3330 14
3331 14
3332 9
3333 9
3334 17
3335 10
3336 10
3337 10
3338 7
3339 10
3340 14
3341 11
3342 16
3343 12
3344 9
3345 11
3346 10
3347 14
3348 14
3349 11
3350 15
3351 10
3352 10
3353 6
3354 7
3355 11
3356 10
3357 12
3358 8
3359 12
3360 15
3361 10
3362 9
3363 10
3364 9
3365 11
3366 11
3367 12
3368 7
3369 10
3370 12
3371 8
3372 12
3373 13
3374 9
3375 10
3376 10
3377 9
3378 10
3379 9
3380 11
3381 9
3382 14
3383 10
3384 7
3385 10
3386 8
3387 10
3388 10
3389 6
3390 13
3391 12
3392 13
3393 12
3394 10
3395 12
3396 9
3397 11
3398 11
3399 7
3400 11
3401 9
3402 9
3403 14
3404 9
3405 11
3406 10
3407 10
3408 11
3409 15
3410 15
3411 12
3412 12
3413 10
3414 9
3415 12
3416 11
3417 10
3418 13
3419 11
3420 9
3421 9
3422 11
3423 9
3424 15
3425 13
3426 13
3427 8
3428 13
3429 9
3430 9
3431 10
3432 12
3433 11
3434 12
3435 6
3436 11
3437 14
3438 10
3439 12
3440 12
3441 10
3442 11
3443 12
3444 11
3445 10
3446 9
3447 14
3448 16
3449 18
3450 12
3451 6
3452 12
3453 12
3454 14
3455 10
3456 11
3457 14
3458 10
3459 11
3460 11
3461 12
3462 11
3463 11
3464 9
3465 10
3466 13
3467 12
3468 8
3469 14
3470 14
3471 12
3472 15
3473 10
3474 12
3475 15
3476 9
3477 13
3478 10
3479 7
3480 9
3481 11
3482 12
3483 9
3484 12
3485 11
3486 10
3487 13
3488 14
3489 10
3490 10
3491 10
3492 10
3493 9
3494 9
3495 12
3496 15
3497 11
3498 11
3499 8
3500 10
3501 9
3502 10
3503 11
3504 11
3505 15
3506 9
3507 13
3508 8
3509 7
3510 9
3511 11
3512 6
3513 7
3514 10
3515 11
3516 11
3517 10
3518 12
3519 14
3520 10
3521 8
3522 11
3523 11
3524 8
3525 10
3526 10
3527 11
3528 9
3529 12
3530 11
3531 8
3532 12
3533 8
3534 7
3535 11
3536 9
3537 12
3538 11
3539 16
3540 13
3541 11
3542 15
3543 11
3544 10
3545 6
3546 16
3547 13
3548 11
3549 13
3550 10
3551 10
3552 10
3553 8
3554 10
3555 18
3556 15
3557 10
3558 8
3559 9
3560 8
3561 13
3562 12
3563 13
3564 12
3565 11
3566 11
3567 13
3568 12
3569 11
3570 15
3571 13
3572 15
3573 7
3574 11
3575 13
3576 12
3577 12
3578 14
3579 10
3580 9
3581 12
3582 12
3583 11
3584 14
3585 14
3586 11
3587 11
3588 10
3589 10
3590 13
3591 11
3592 13
3593 11
3594 10
3595 11
3596 13
3597 12
3598 14
3599 12
3600 14
3601 12
3602 14
3603 9
3604 7
3605 11
3606 6
3607 10
3608 11
3609 9
3610 10
3611 14
3612 11
3613 14
3614 16
3615 11
3616 12
3617 10
3618 10
3619 10
3620 8
3621 14
3622 10
3623 11
3624 12
3625 10
3626 15
3627 8
3628 12
3629 10
3630 14
3631 8
3632 10
3633 12
3634 19
3635 10
3636 11
3637 10
3638 9
3639 12
3640 12
3641 11
3642 9
3643 10
3644 7
3645 10
3646 11
3647 10
3648 12
3649 7
3650 13
3651 8
3652 10
3653 12
3654 11
3655 12
3656 11
3657 9
3658 13
3659 12
3660 11
3661 7
3662 11
3663 13
3664 10
3665 16
3666 13
3667 13
3668 17
3669 14
3670 12
3671 12
3672 9
3673 10
3674 10
3675 9
3676 14
3677 11
3678 10
3679 11
3680 8
3681 10
3682 15
3683 10
3684 13
3685 13
3686 12
3687 9
3688 10
3689 14
3690 12
3691 12
3692 9
3693 10
3694 12
3695 11
3696 13
3697 18
3698 9
3699 16
3700 11
3701 10
3702 10
3703 10
3704 9
3705 11
3706 13
3707 12
3708 11
3709 14
3710 12
3711 10
3712 9
3713 9
3714 11
3715 14
3716 10
3717 9
3718 13
3719 10
3720 15
3721 11
3722 9
3723 10
3724 12
3725 7
3726 12
3727 9
3728 15
3729 9
3730 13
3731 13
3732 12
3733 11
3734 10
3735 16
3736 11
3737 10
3738 16
3739 10
3740 12
3741 11
3742 13
3743 11
3744 15
3745 8
3746 11
3747 7
3748 11
3749 9
3750 11
3751 9
3752 12
3753 8
3754 13
3755 16
3756 10
3757 12
3758 11
3759 11
3760 8
3761 12
3762 8
3763 12
3764 14
3765 13
3766 12
3767 13
3768 9
3769 13
3770 11
3771 14
3772 11
3773 17
3774 10
3775 11
3776 15
3777 14
3778 10
3779 12
3780 13
3781 11
3782 15
3783 11
3784 8
3785 13
3786 13
3787 11
3788 9
3789 18
3790 11
3791 11
3792 11
3793 12
3794 8
3795 10
3796 15
3797 10
3798 11
3799 13
3800 11
3801 12
3802 8
3803 13
3804 12
3805 10
3806 12
3807 10
3808 14
3809 12
3810 13
3811 11
3812 8
3813 14
3814 11
3815 12
3816 12
3817 10
3818 11
3819 13
3820 10
3821 12
3822 11
3823 14
3824 13
3825 10
3826 12
3827 11
3828 13
3829 8
3830 11
3831 9
3832 16
3833 14
3834 12
3835 14
3836 16
3837 13
3838 9
3839 16
3840 14
3841 9
3842 13
3843 8
3844 10
3845 13
3846 13
3847 13
3848 12
3849 13
3850 8
3851 10
3852 7
3853 8
3854 8
3855 10
3856 12
3857 11
3858 13
3859 14
3860 11
3861 10
3862 10
3863 10
3864 13
3865 8
3866 10
3867 12
3868 7
3869 13
3870 13
3871 12
3872 17
3873 12
3874 10
3875 14
3876 12
3877 11
3878 12
3879 11
3880 13
3881 8
3882 15
3883 10
3884 10
3885 10
3886 8
3887 12
3888 13
3889 11
3890 14
3891 10
3892 12
3893 9
3894 9
3895 17
3896 13
3897 15
3898 14
3899 11
3900 13
3901 9
3902 8
3903 11
3904 12
3905 11
3906 10
3907 9
3908 13
3909 13
3910 9
3911 11
3912 11
3913 8
3914 10
3915 10
3916 7
3917 11
3918 13
3919 16
3920 9
3921 12
3922 15
3923 8
3924 16
3925 10
3926 9
3927 8
3928 12
3929 14
3930 12
3931 7
3932 10
3933 10
3934 10
3935 14
3936 8
3937 8
3938 13
3939 11
3940 14
3941 11
3942 14
3943 10
3944 12
3945 7
3946 14
3947 7
3948 10
3949 10
3950 11
3951 11
3952 13
3953 10
3954 9
3955 9
3956 11
3957 17
3958 11
3959 9
3960 14
3961 16
3962 9
3963 10
3964 13
3965 12
3966 14
3967 11
3968 10
3969 10
3970 13
3971 12
3972 12
3973 8
3974 11
3975 8
3976 11
3977 9
3978 11
3979 15
3980 11
3981 12
3982 8
3983 11
3984 11
3985 14
3986 13
3987 13
3988 10
3989 13
3990 7
3991 11
3992 6
3993 9
3994 10
3995 16
3996 10
3997 11
3998 14
3999 14
4000 12
4001 13
4002 9
4003 10
4004 7
4005 12
4006 7
4007 11
4008 6
4009 15
4010 9
4011 12
4012 11
4013 11
4014 11
4015 7
4016 15
4017 15
4018 14
4019 11
4020 12
4021 13
4022 11
4023 11
4024 13
4025 11
4026 12
4027 13
4028 9
4029 10
4030 9
4031 8
4032 10
4033 8
4034 12
4035 13
4036 15
4037 14
4038 10
4039 11
4040 11
4041 14
4042 7
4043 11
4044 10
4045 13
4046 8
4047 11
4048 12
4049 6
4050 10
4051 5
4052 14
4053 9
4054 15
4055 12
4056 11
4057 12
4058 6
4059 10
4060 12
4061 13
4062 9
4063 13
4064 15
4065 13
4066 12
4067 13
4068 14
4069 17
4070 11
4071 11
4072 11
4073 12
4074 11
4075 9
4076 14
4077 9
4078 10
4079 13
4080 7
4081 11
4082 10
4083 11
4084 15
4085 12
4086 12
4087 14
4088 10
4089 14
4090 9
4091 10
4092 9
4093 11
4094 13
4095 17
4096 13
4097 12
4098 11
4099 12
4100 10
4101 11
4102 10
4103 13
4104 11
4105 12
4106 10
4107 16
4108 13
4109 14
4110 10
4111 10
4112 13
4113 14
4114 10
4115 14
4116 10
4117 9
4118 18
4119 11
4120 10
4121 12
4122 12
4123 10
4124 12
4125 15
4126 14
4127 14
4128 10
4129 12
4130 8
4131 7
4132 10
4133 9
4134 16
4135 14
4136 11
4137 15
4138 8
4139 15
4140 9
4141 13
4142 17
4143 12
4144 13
4145 10
4146 14
4147 16
4148 6
4149 11
4150 11
4151 11
4152 13
4153 9
4154 9
4155 11
4156 11
4157 11
4158 15
4159 13
4160 8
4161 12
4162 15
4163 11
4164 7
4165 14
4166 7
4167 14
4168 11
4169 10
4170 10
4171 15
4172 9
4173 12
4174 7
4175 11
4176 11
4177 10
4178 13
4179 14
4180 13
4181 13
4182 13
4183 14
4184 13
4185 13
4186 15
4187 8
4188 14
4189 11
4190 12
4191 13
4192 17
4193 12
4194 12
4195 9
4196 11
4197 11
4198 10
4199 6
4200 11
4201 12
4202 11
4203 13
4204 8
4205 10
4206 10
4207 15
4208 9
4209 11
4210 12
4211 15
4212 13
4213 7
4214 12
4215 10
4216 13
4217 13
4218 10
4219 11
4220 12
4221 12
4222 9
4223 9
4224 12
4225 9
4226 17
4227 14
4228 11
4229 10
4230 11
4231 15
4232 10
4233 11
4234 11
4235 14
4236 8
4237 7
4238 13
4239 14
4240 13
4241 11
4242 14
4243 11
4244 11
4245 12
4246 11
4247 12
4248 11
4249 11
4250 10
4251 13
4252 11
4253 8
4254 14
4255 15
4256 13
4257 14
4258 13
4259 10
4260 14
4261 10
4262 10
4263 8
4264 11
4265 10
4266 9
4267 7
4268 16
4269 12
4270 11
4271 12
4272 14
4273 13
4274 13
4275 11
4276 12
4277 10
4278 8
4279 9
4280 13
4281 14
4282 14
4283 11
4284 14
4285 10
4286 11
4287 12
4288 11
4289 12
4290 12
4291 15
4292 11
4293 11
4294 10
4295 9
4296 13
4297 17
4298 15
4299 12
4300 12
4301 10
4302 7
4303 10
4304 10
4305 9
4306 14
4307 11
4308 11
4309 14
4310 9
4311 10
4312 11
4313 12
4314 8
4315 13
4316 13
4317 13
4318 10
4319 9
4320 11
4321 10
4322 8
4323 13
4324 9
4325 14
4326 13
4327 9
4328 11
4329 11
4330 12
4331 14
4332 10
4333 14
4334 12
4335 12
4336 12
4337 9
4338 10
4339 11
4340 11
4341 12
4342 12
4343 8
4344 10
4345 13
4346 14
4347 10
4348 9
4349 9
4350 10
4351 8
4352 14
4353 12
4354 8
4355 9
4356 16
4357 12
4358 12
4359 11
4360 10
4361 13
4362 16
4363 13
4364 13
4365 10
4366 10
4367 4
4368 13
4369 9
4370 13
4371 9
4372 14
4373 16
4374 20
4375 9
4376 12
4377 15
4378 11
4379 11
4380 12
4381 15
4382 7
4383 10
4384 13
4385 13
4386 8
4387 10
4388 13
4389 9
4390 15
4391 17
4392 8
4393 11
4394 9
4395 14
4396 9
4397 11
4398 10
4399 12
4400 13
4401 11
4402 13
4403 12
4404 14
4405 12
4406 10
4407 16
4408 12
4409 6
4410 12
4411 11
4412 12
4413 8
4414 9
4415 12
4416 8
4417 12
4418 10
4419 10
4420 9
4421 12
4422 13
4423 13
4424 13
4425 9
4426 17
4427 11
4428 12
4429 11
4430 10
4431 10
4432 10
4433 13
4434 9
4435 12
4436 10
4437 16
4438 11
4439 9
4440 11
4441 15
4442 12
4443 9
4444 12
4445 8
4446 15
4447 9
4448 8
4449 14
4450 11
4451 9
4452 10
4453 12
4454 12
4455 8
4456 10
4457 12
4458 14
4459 8
4460 9
4461 13
4462 11
4463 13
4464 11
4465 10
4466 12
4467 12
4468 8
4469 11
4470 8
4471 17
4472 11
4473 14
4474 12
4475 10
4476 13
4477 12
4478 11
4479 12
4480 12
4481 7
4482 11
4483 12
4484 11
4485 15
4486 12
4487 10
4488 12
4489 12
4490 10
4491 12
4492 11
4493 12
4494 10
4495 12
4496 12
4497 9
4498 13
4499 11
4500 8
4501 13
4502 13
4503 8
4504 10
4505 9
4506 11
4507 13
4508 10
4509 13
4510 10
4511 7
4512 12
4513 11
4514 8
4515 11
4516 8
4517 12
4518 12
4519 11
4520 9
4521 11
4522 13
4523 11
4524 12
4525 10
4526 11
4527 8
4528 9
4529 9
4530 15
4531 7
4532 8
4533 11
4534 12
4535 9
4536 13
4537 11
4538 10
4539 9
4540 13
4541 16
4542 14
4543 11
4544 10
4545 8
4546 10
4547 11
4548 12
4549 13
4550 10
4551 9
4552 16
4553 14
4554 10
4555 15
4556 10
4557 13
4558 12
4559 10
4560 11
4561 11
4562 10
4563 14
4564 13
4565 15
4566 10
4567 12
4568 10
4569 9
4570 14
4571 13
4572 11
4573 9
4574 6
4575 11
4576 14
4577 14
4578 10
4579 11
4580 13
4581 11
4582 10
4583 10
4584 9
4585 8
4586 15
4587 12
4588 9
4589 14
4590 15
4591 9
4592 5
4593 9
4594 13
4595 13
4596 11
4597 8
4598 11
4599 13
4600 11
4601 13
4602 12
4603 11
4604 13
4605 9
4606 15
4607 14
4608 14
4609 9
4610 11
4611 12
4612 6
4613 14
4614 14
4615 11
4616 12
4617 14
4618 11
4619 11
4620 16
4621 10
4622 10
4623 9
4624 9
4625 11
4626 11
4627 11
4628 13
4629 10
4630 12
4631 12
4632 16
4633 11
4634 6
4635 10
4636 12
4637 11
4638 9
4639 9
4640 12
4641 12
4642 17
4643 10
4644 10
4645 16
4646 14
4647 12
4648 14
4649 11
4650 12
4651 12
4652 10
4653 10
4654 10
4655 10
4656 12
4657 9
4658 12
4659 7
4660 10
4661 11
4662 8
4663 8
4664 7
4665 11
4666 11
4667 17
4668 10
4669 10
4670 12
4671 10
4672 12
4673 9
4674 14
4675 11
4676 13
4677 12
4678 14
4679 10
4680 11
4681 7
4682 15
4683 10
4684 13
4685 15
4686 11
4687 10
4688 15
4689 14
4690 10
4691 10
4692 10
4693 4
4694 13
4695 11
4696 13
4697 14
4698 10
4699 16
4700 12
4701 8
4702 9
4703 11
4704 9
4705 14
4706 11
4707 15
4708 8
4709 8
4710 12
4711 18
4712 9
4713 14
4714 13
4715 14
4716 11
4717 9
4718 11
4719 10
4720 10
4721 8
4722 9
4723 14
4724 11
4725 10
4726 11
4727 13
4728 10
4729 10
4730 12
4731 8
4732 11
4733 12
4734 10
4735 17
4736 11
4737 9
4738 11
4739 11
4740 11
4741 13
4742 11
4743 11
4744 10
4745 13
4746 12
4747 16
4748 10
4749 11
4750 12
4751 15
4752 10
4753 13
4754 11
4755 12
4756 9
4757 13
4758 9
4759 12
4760 11
4761 11
4762 17
4763 11
4764 6
4765 10
4766 14
4767 13
4768 11
4769 16
4770 10
4771 13
4772 13
4773 13
4774 8
4775 11
4776 13
4777 12
4778 13
4779 11
4780 15
4781 10
4782 12
4783 14
4784 14
4785 13
4786 10
4787 8
4788 14
4789 10
4790 13
4791 7
4792 9
4793 13
4794 13
4795 8
4796 13
4797 13
4798 9
4799 9
4800 11
4801 13
4802 11
4803 13
4804 9
4805 13
4806 14
4807 8
4808 10
4809 10
4810 14
4811 10
4812 10
4813 13
4814 12
4815 11
4816 11
4817 12
4818 13
4819 8
4820 15
4821 13
4822 12
4823 11
4824 9
4825 11
4826 10
4827 15
4828 11
4829 9
4830 13
4831 15
4832 9
4833 11
4834 11
4835 10
4836 10
4837 10
4838 9
4839 13
4840 13
4841 11
4842 14
4843 10
4844 10
4845 12
4846 13
4847 11
4848 15
4849 12
4850 11
4851 10
4852 12
4853 11
4854 12
4855 14
4856 9
4857 11
4858 11
4859 12
4860 10
4861 13
4862 13
4863 14
4864 12
4865 15
4866 13
4867 11
4868 9
4869 12
4870 14
4871 13
4872 8
4873 5
4874 10
4875 12
4876 12
4877 9
4878 11
4879 16
4880 12
4881 9
4882 9
4883 9
4884 9
4885 12
4886 11
4887 10
4888 14
4889 12
4890 10
4891 9
4892 12
4893 13
4894 9
4895 13
4896 6
4897 9
4898 13
4899 12
4900 14
4901 8
4902 12
4903 10
4904 15
4905 10
4906 10
4907 8
4908 11
4909 11
4910 14
4911 10
4912 9
4913 11
4914 12
4915 10
4916 6
4917 8
4918 13
4919 12
4920 8
4921 13
4922 13
4923 8
4924 10
4925 6
4926 12
4927 9
4928 13
4929 8
4930 7
4931 11
4932 8
4933 10
4934 12
4935 12
4936 11
4937 11
4938 14
4939 12
4940 9
4941 13
4942 12
4943 14
4944 12
4945 14
4946 10
4947 10
4948 11
4949 11
4950 11
4951 11
4952 8
4953 11
4954 10
4955 11
4956 16
4957 17
4958 11
4959 13
4960 13
4961 11
4962 9
4963 14
4964 14
4965 15
4966 13
4967 11
4968 13
4969 11
4970 11
4971 9
4972 11
4973 10
4974 13
4975 13
4976 15
4977 11
4978 8
4979 17
4980 13
4981 10
4982 10
4983 11
4984 10
4985 11
4986 9
4987 12
4988 14
4989 16
4990 5
4991 9
4992 18
4993 5
4994 14
4995 9
4996 7
4997 10
4998 14
4999 9
5000 11
