0 110
1 12
2 12
3 13
4 10
5 9
6 13
7 12
8 10
9 11
10 9
11 11
12 11
13 12
14 14
15 6
16 8
17 12
18 13
19 9
20 15
21 11
22 14
23 8
24 12
25 11
26 13
27 13
28 15
29 10
30 11
31 12
32 10
33 9
34 13
35 12
36 8
37 16
38 11
39 8
40 10
41 9
42 9
43 8
44 9
45 7
46 14
47 16
48 8
49 11
50 12
51 10
52 12
53 11
54 12
55 14
56 11
57 13
58 13
59 11
60 11
61 11
62 10
63 16
64 11
65 13
66 9
67 14
68 12
69 11
70 12
71 14
72 12
73 8
74 11
75 13
76 13
77 14
78 13
79 8
80 13
81 15
82 11
83 12
84 9
85 8
86 13
87 11
88 13
89 8
90 8
91 9
92 12
93 14
94 12
95 14
96 10
97 10
98 9
99 10
100 11
101 8
102 9
103 10
104 10
105 14
106 11
107 9
108 12
109 9
110 13
111 13
112 10
113 12
114 13
115 9
116 11
117 9
118 8
119 13
120 11
121 11
122 11
123 14
124 13
125 15
126 9
127 10
128 11
129 16
130 8
131 11
132 11
133 9
134 12
135 7
136 13
137 12
138 12
139 14
140 10
141 7
142 12
143 12
144 12
145 11
146 9
147 12
148 9
149 10
150 11
151 7
152 9
153 12
154 12
155 10
156 10
157 11
158 13
159 10
160 12
161 13
162 8
163 10
164 14
165 10
166 11
167 10
168 14
169 8
170 7
171 11
172 11
173 11
174 9
175 12
176 16
177 10
178 13
179 14
180 12
181 12
182 10
183 11
184 10
185 9
186 12
187 11
188 13
189 11
190 10
191 14
192 13
193 8
194 12
195 9
196 8
197 7
198 11
199 10
200 13
201 10
202 9
203 11
204 9
205 16
206 9
207 11
208 14
209 10
210 4
211 12
212 12
213 10
214 12
215 13
216 15
217 12
218 10
219 11
220 9
221 15
222 14
223 11
224 6
225 11
226 9
227 12
228 13
229 11
230 10
231 11
232 13
233 15
234 12
235 10
236 11
237 12
238 13
239 11
240 12
241 13
242 13
243 8
244 12
245 12
246 6
247 14
248 12
249 12
250 13
251 12
252 9
253 10
254 10
255 11
256 11
257 6
258 11
259 9
260 14
261 9
262 11
263 7
264 9
265 9
266 12
267 9
268 10
269 16
270 13
271 11
272 13
273 15
274 14
275 8
276 10
277 11
278 12
279 9
280 10
281 10
282 11
283 11
284 10
285 13
286 13
287 14
288 11
289 9
290 8
291 13
292 10
293 10
294 7
295 13
296 10
297 15
298 11
299 14
300 13
301 9
302 10
303 11
304 13
305 13
306 11
307 9
308 10
309 11
310 12
311 12
312 12
313 14
314 13
315 10
316 13
317 15
318 12
319 12
320 8
321 10
322 9
323 13
324 9
325 10
326 14
327 12
328 13
329 12
330 8
331 16
332 11
333 9
334 10
335 12
336 9
337 9
338 10
339 10
340 9
341 14
342 14
343 12
344 14
345 13
346 10
347 9
348 14
349 12
350 13
351 13
352 12
353 13
354 10
355 14
356 9
357 11
358 11
359 12
360 11
361 10
362 10
363 14
364 9
365 10
366 11
367 9
368 10
369 9
370 8
371 15
372 9
373 13
374 14
375 15
376 12
377 9
378 11
379 9
380 12
381 11
382 12
383 11
384 12
385 12
386 13
387 12
388 11
389 11
390 11
391 9
392 10
393 15
394 7
395 17
396 8
397 14
398 13
399 10
400 8
401 6
402 8
403 8
404 9
405 11
406 12
407 12
408 12
409 9
410 10
411 13
412 13
413 15
414 10
415 11
416 11
417 10
418 9
419 11
420 15
421 6
422 13
423 11
424 11
425 13
426 12
427 10
428 11
429 8
430 11
431 9
432 11
433 12
434 10
435 14
436 13
437 10
438 11
439 13
440 12
441 15
442 12
443 12
444 9
445 13
446 11
447 12
448 8
449 10
450 8
451 10
452 11
453 9
454 9
455 8
456 9
457 13
458 14
459 9
460 9
461 10
462 10
463 14
464 9
465 10
466 9
467 11
468 10
469 11
470 11
471 12
472 11
473 13
474 12
475 9
476 11
477 12
478 11
479 9
480 7
481 10
482 14
483 13
484 9
485 10
486 14
487 9
488 12
489 13
490 12
491 10
492 11
493 11
494 12
495 9
496 10
497 11
498 6
499 8
500 11
501 10
502 13
503 10
504 11
505 11
506 10
507 10
508 11
509 11
510 14
511 9
512 14
513 8
514 10
515 13
516 9
517 10
518 12
519 8
520 13
521 10
522 14
523 11
524 8
525 8
526 16
527 7
528 9
529 10
530 11
531 7
532 9
533 10
534 10
535 8
536 8
537 11
538 13
539 11
540 14
541 14
542 7
543 12
544 12
545 10
546 12
547 8
548 8
549 10
550 13
551 7
552 10
553 9
554 12
555 13
556 11
557 11
558 13
559 8
560 7
561 13
562 12
563 15
564 7
565 9
566 13
567 9
568 14
569 13
570 8
571 11
572 9
573 17
574 16
575 12
576 6
577 11
578 11
579 12
580 9
581 14
582 10
583 15
584 11
585 11
586 9
587 9
588 12
589 10
590 10
591 10
592 16
593 12
594 12
595 13
596 9
597 10
598 13
599 12
600 10
601 10
602 14
603 11
604 12
605 11
606 15
607 9
608 11
609 10
610 11
611 12
612 11
613 10
614 9
615 8
616 15
617 8
618 11
619 11
620 12
621 16
622 12
623 7
624 14
625 9
626 11
627 8
628 10
629 11
630 10
631 12
632 15
633 14
634 14
635 15
636 10
637 8
638 16
639 10
640 12
641 12
642 13
643 15
644 13
645 14
646 9
647 12
648 10
649 13
650 12
651 14
652 9
653 12
654 13
655 10
656 8
657 11
658 7
659 12
660 10
661 10
662 14
663 10
664 13
665 7
666 12
667 10
668 14
669 13
670 13
671 14
672 12
673 15
674 11
675 12
676 11
677 7
678 14
679 12
680 6
681 15
682 10
683 12
684 10
685 14
686 11
687 9
688 11
689 13
690 13
691 13
692 11
693 10
694 11
695 16
696 14
697 15
698 12
699 14
700 10
701 12
702 15
703 10
704 10
705 11
706 12
707 7
708 14
709 16
710 16
711 8
712 12
713 12
714 10
715 13
716 11
717 9
718 18
719 14
720 9
721 10
722 7
723 9
724 14
725 8
726 13
727 15
728 12
729 10
730 11
731 8
732 14
733 7
734 15
735 10
736 8
737 8
738 12
739 10
740 8
741 13
742 16
743 12
744 11
745 9
746 9
747 10
748 9
749 12
750 9
751 10
752 13
753 11
754 8
755 7
756 12
757 12
758 10
759 12
760 16
761 13
762 15
763 9
764 11
765 11
766 10
767 13
768 12
769 12
770 13
771 13
772 8
773 12
774 15
775 11
776 11
777 11
778 16
779 14
780 11
781 7
782 9
783 14
784 9
785 11
786 8
787 14
788 11
789 12
790 12
791 10
792 10
793 12
794 15
795 10
796 11
797 10
798 14
799 11
800 11
801 13
802 11
803 10
804 11
805 12
806 12
807 10
808 9
809 10
810 9
811 9
812 11
813 10
814 11
815 11
816 8
817 13
818 8
819 10
820 12
821 13
822 7
823 14
824 12
825 16
826 11
827 9
828 10
829 9
830 9
831 6
832 12
833 10
834 12
835 10
836 11
837 6
838 8
839 13
840 11
841 13
842 10
843 10
844 10
845 13
846 10
847 11
848 9
849 11
850 15
851 8
852 10
853 8
854 8
855 12
856 8
857 13
858 10
859 11
860 6
861 11
862 12
863 12
864 7
865 10
866 11
867 11
868 12
869 9
870 10
871 8
872 10
873 8
874 10
875 11
876 12
877 10
878 10
879 12
880 10
881 14
882 11
883 12
884 9
885 10
886 6
887 10
888 9
889 14
890 13
891 10
892 10
893 16
894 12
895 8
896 14
897 11
898 9
899 12
900 12
901 14
902 13
903 14
904 11
905 13
906 11
907 11
908 10
909 14
910 13
911 10
912 16
913 14
914 10
915 10
916 14
917 11
918 7
919 9
920 8
921 11
922 10
923 11
924 12
925 12
926 10
927 11
928 16
929 13
930 8
931 9
932 13
933 12
934 15
935 12
936 11
937 12
938 10
939 14
940 9
941 9
942 8
943 14
944 12
945 12
946 11
947 13
948 14
949 13
950 12
951 13
952 10
953 12
954 9
955 10
956 13
957 14
958 16
959 8
960 13
961 11
962 11
963 7
964 11
965 12
966 8
967 12
968 10
969 11
970 12
971 9
972 6
973 13
974 9
975 9
976 12
977 11
978 14
979 13
980 9
981 9
982 11
983 12
984 12
985 10
986 11
987 12
988 10
989 5
990 9
991 11
992 6
993 10
994 10
995 10
996 11
997 12
998 9
999 14
1000 9
1001 12
1002 10
1003 11
1004 9
1005 12
1006 13
1007 8
1008 9
1009 9
1010 12
1011 12
1012 13
1013 9
1014 9
1015 10
1016 9
1017 10
1018 15
1019 9
1020 12
1021 14
1022 16
1023 10
1024 9
1025 13
1026 8
1027 14
1028 9
1029 10
1030 9
1031 16
1032 12
1033 11
1034 9
1035 16
1036 6
1037 9
1038 7
1039 8
1040 14
1041 9
1042 11
1043 15
1044 14
1045 15
1046 9
1047 12
1048 10
1049 8
1050 15
1051 12
1052 10
1053 11
1054 11
1055 12
1056 11
1057 7
1058 7
1059 10
1060 10
1061 10
1062 12
1063 11
1064 13
1065 8
1066 11
1067 12
1068 12
1069 14
1070 8
1071 14
1072 10
1073 14
1074 15
1075 12
1076 12
1077 11
1078 12
1079 8
1080 10
1081 8
1082 7
1083 13
1084 10
1085 8
1086 14
1087 10
1088 10
1089 12
1090 10
1091 13
1092 13
1093 10
1094 13
1095 14
1096 13
1097 11
1098 14
1099 9
1100 11
1101 10
1102 9
1103 12
1104 13
1105 10
1106 12
1107 12
1108 6
1109 10
1110 11
1111 11
1112 8
1113 10
1114 7
1115 12
1116 9
1117 14
1118 10
1119 12
1120 10
1121 14
1122 10
1123 13
1124 9
1125 12
1126 16
1127 10
1128 12
1129 12
1130 14
1131 14
1132 10
1133 13
1134 8
1135 10
1136 11
1137 15
1138 11
1139 14
1140 11
1141 13
1142 11
1143 8
1144 12
1145 9
1146 9
1147 9
1148 14
1149 12
1150 12
1151 11
1152 14
1153 9
1154 10
1155 9
1156 10
1157 10
1158 11
1159 11
1160 17
1161 10
1162 14
1163 12
1164 9
1165 9
1166 12
1167 12
1168 12
1169 9
1170 12
1171 9
1172 9
1173 11
1174 4
1175 11
1176 8
1177 11
1178 12
1179 13
1180 14
1181 10
1182 12
1183 9
1184 3
1185 12
1186 13
1187 14
1188 12
1189 9
1190 15
1191 13
1192 15
1193 11
1194 12
1195 14
1196 11
1197 9
1198 11
1199 7
1200 8
1201 13
1202 17
1203 13
1204 8
1205 9
1206 14
1207 9
1208 14
1209 9
1210 15
1211 11
1212 10
1213 15
1214 14
1215 13
1216 9
1217 13
1218 11
1219 14
1220 14
1221 10
1222 13
1223 13
1224 8
1225 15
1226 7
1227 11
1228 12
1229 9
1230 10
1231 9
1232 11
1233 9
1234 13
1235 12
1236 13
1237 13
1238 14
1239 11
1240 10
1241 10
1242 5
1243 17
1244 9
1245 7
1246 12
1247 10
1248 13
1249 9
1250 15
1251 11
1252 10
1253 13
1254 13
1255 10
1256 13
1257 15
1258 12
1259 13
1260 15
1261 13
1262 11
1263 11
1264 10
1265 14
1266 12
1267 15
1268 10
1269 10
1270 12
1271 14
1272 13
1273 12
1274 15
1275 11
1276 15
1277 11
1278 9
1279 10
1280 13
1281 9
1282 11
1283 13
1284 9
1285 15
1286 15
1287 12
1288 13
1289 7
1290 12
1291 11
1292 12
1293 15
1294 6
1295 8
1296 10
1297 14
1298 12
1299 13
1300 12
1301 14
1302 9
1303 10
1304 8
1305 11
1306 10
1307 14
1308 14
1309 16
1310 13
1311 11
1312 10
1313 8
1314 13
1315 15
1316 9
1317 11
1318 9
1319 7
1320 12
1321 11
1322 9
1323 10
1324 9
1325 11
1326 11
1327 11
1328 12
1329 9
1330 11
1331 11
1332 11
1333 9
1334 12
1335 9
1336 13
1337 10
1338 11
1339 12
1340 10
1341 7
1342 8
1343 10
1344 9
1345 7
1346 12
1347 10
1348 13
1349 11
1350 12
1351 13
1352 8
1353 14
1354 9
1355 10
1356 11
1357 12
1358 10
1359 11
1360 12
1361 12
1362 11
1363 10
1364 13
1365 10
1366 13
1367 10
1368 11
1369 9
1370 12
1371 13
1372 9
1373 14
1374 15
1375 14
1376 11
1377 13
1378 11
1379 9
1380 15
1381 13
1382 10
1383 10
1384 15
1385 7
1386 8
1387 13
1388 11
1389 11
1390 16
1391 10
1392 9
1393 11
1394 12
1395 10
1396 12
1397 9
1398 7
1399 12
1400 12
1401 16
1402 11
1403 12
1404 13
1405 10
1406 13
1407 8
1408 8
1409 10
1410 14
1411 13
1412 10
1413 12
1414 10
1415 8
1416 9
1417 12
1418 11
1419 8
1420 10
1421 10
1422 11
1423 10
1424 11
1425 10
1426 11
1427 9
1428 11
1429 12
1430 9
1431 11
1432 12
1433 10
1434 8
1435 11
1436 10
1437 13
1438 10
1439 13
1440 14
1441 10
1442 10
1443 13
1444 8
1445 13
1446 11
1447 8
1448 9
1449 16
1450 15
1451 15
1452 9
1453 12
1454 16
1455 12
1456 12
1457 14
1458 13
1459 11
1460 9
1461 13
1462 10
1463 9
1464 13
1465 8
1466 11
1467 10
1468 18
1469 6
1470 16
1471 11
1472 11
1473 11
1474 10
1475 7
1476 15
1477 11
1478 13
1479 12
1480 14
1481 15
1482 10
1483 9
1484 10
1485 12
1486 10
1487 12
1488 13
1489 7
1490 12
1491 12
1492 10
1493 8
1494 11
1495 15
1496 11
1497 14
1498 8
1499 13
1500 11
1501 12
1502 10
1503 11
1504 13
1505 10
1506 11
1507 13
1508 10
1509 13
1510 9
1511 10
1512 9
1513 14
1514 14
1515 12
1516 11
1517 10
1518 11
1519 9
1520 10
1521 13
1522 9
1523 12
1524 11
1525 9
1526 14
1527 13
1528 11
1529 10
1530 13
1531 12
1532 12
1533 10
1534 13
1535 11
1536 11
1537 13
1538 12
1539 8
1540 11
1541 15
1542 12
1543 11
1544 13
1545 7
1546 12
1547 10
1548 6
1549 11
1550 11
1551 12
1552 13
1553 8
1554 8
1555 11
1556 10
1557 8
1558 10
1559 9
1560 10
1561 14
1562 12
1563 10
1564 10
1565 14
1566 9
1567 9
1568 12
1569 13
1570 12
1571 10
1572 12
1573 8
1574 15
1575 11
1576 7
1577 8
1578 13
1579 13
1580 15
1581 13
1582 11
1583 9
1584 9
1585 12
1586 12
1587 14
1588 11
1589 11
1590 12
1591 11
1592 7
1593 15
1594 18
1595 14
1596 11
1597 11
1598 9
1599 9
1600 10
1601 12
1602 15
1603 14
1604 7
1605 14
1606 11
1607 9
1608 6
1609 14
1610 11
1611 9
1612 9
1613 12
1614 10
1615 13
1616 15
1617 8
1618 7
1619 15
1620 15
1621 8
1622 9
1623 12
1624 17
1625 10
1626 14
1627 12
1628 10
1629 14
1630 11
1631 10
1632 10
1633 9
1634 14
1635 11
1636 12
1637 10
1638 12
1639 15
1640 12
1641 14
1642 10
1643 10
1644 9
1645 10
1646 11
1647 13
1648 12
1649 12
1650 9
1651 11
1652 8
1653 15
1654 10
1655 10
1656 10
1657 16
1658 19
1659 12
1660 9
1661 12
1662 11
1663 13
1664 12
1665 7
1666 8
1667 10
1668 8
1669 10
1670 12
1671 10
1672 12
1673 10
1674 11
1675 14
1676 10
1677 14
1678 12
1679 15
1680 13
1681 12
1682 9
1683 9
1684 12
1685 10
1686 12
1687 11
1688 13
1689 13
1690 9
1691 11
1692 15
1693 12
1694 16
1695 13
1696 13
1697 13
1698 9
1699 10
1700 9
1701 12
1702 11
1703 8
1704 12
1705 15
1706 11
1707 10
1708 13
1709 9
1710 7
1711 8
1712 13
1713 13
1714 9
1715 9
1716 16
1717 9
1718 11
1719 9
1720 14
1721 14
1722 15
1723 11
1724 9
1725 11
1726 15
1727 10
1728 12
1729 9
1730 8
1731 13
1732 12
1733 11
1734 8
1735 7
1736 13
1737 10
1738 12
1739 12
1740 10
1741 9
1742 11
1743 11
1744 10
1745 11
1746 12
1747 12
1748 7
1749 10
1750 14
1751 11
1752 14
1753 9
1754 9
1755 12
1756 12
1757 6
1758 9
1759 15
1760 12
1761 12
1762 14
1763 14
1764 12
1765 9
1766 8
1767 12
1768 13
1769 12
1770 11
1771 10
1772 11
1773 13
1774 14
1775 9
1776 13
1777 9
1778 14
1779 8
1780 12
1781 10
1782 14
1783 12
1784 12
1785 12
1786 11
1787 13
1788 13
1789 8
1790 15
1791 12
1792 12
1793 6
1794 14
1795 12
1796 12
1797 5
1798 15
1799 15
1800 12
1801 10
1802 10
1803 6
1804 8
1805 12
1806 10
1807 10
1808 13
1809 10
1810 10
1811 12
1812 16
1813 14
1814 9
1815 10
1816 15
1817 12
1818 10
1819 10
1820 12
1821 15
1822 11
1823 13
1824 10
1825 10
1826 12
1827 11
1828 15
1829 12
1830 13
1831 12
1832 10
1833 12
1834 11
1835 14
1836 12
1837 11
1838 12
1839 13
1840 9
1841 14
1842 12
1843 7
1844 6
1845 12
1846 13
1847 11
1848 6
1849 15
1850 10
1851 9
1852 10
1853 12
1854 9
1855 15
1856 14
1857 13
1858 11
1859 9
1860 8
1861 11
1862 8
1863 10
1864 14
1865 8
1866 14
1867 12
1868 12
1869 13
1870 11
1871 14
1872 8
1873 9
1874 9
1875 12
1876 11
1877 7
1878 8
1879 8
1880 12
1881 13
1882 8
1883 11
1884 9
1885 8
1886 16
1887 11
1888 9
1889 9
1890 13
1891 14
1892 13
1893 9
1894 13
1895 10
1896 9
1897 6
1898 14
1899 8
1900 7
1901 7
1902 11
1903 7
1904 8
1905 11
1906 12
1907 11
1908 9
1909 8
1910 9
1911 12
1912 12
1913 11
1914 11
1915 14
1916 9
1917 12
1918 12
1919 11
1920 10
1921 11
1922 13
1923 12
1924 12
1925 10
1926 10
1927 12
1928 15
1929 13
1930 13
1931 9
1932 10
1933 14
1934 12
1935 15
1936 9
1937 12
1938 13
1939 12
1940 11
1941 15
1942 11
1943 12
1944 9
1945 12
1946 14
1947 11
1948 12
1949 11
1950 15
1951 7
1952 11
1953 11
1954 11
1955 9
1956 12
1957 11
1958 10
1959 13
1960 12
1961 16
1962 12
1963 14
1964 11
1965 11
1966 15
1967 9
1968 10
1969 13
1970 14
1971 16
1972 13
1973 12
1974 11
1975 7
1976 14
1977 13
1978 9
1979 12
1980 15
1981 11
1982 14
1983 10
1984 12
1985 9
1986 13
1987 12
1988 12
1989 15
1990 12
1991 15
1992 10
1993 10
1994 9
1995 10
1996 12
1997 9
1998 13
1999 9
2000 9
2001 13
2002 11
2003 10
2004 9
2005 11
2006 11
2007 11
2008 10
2009 13
2010 15
2011 14
2012 9
2013 13
2014 8
2015 12
2016 10
2017 9
2018 12
2019 10
2020 12
2021 10
2022 12
2023 7
2024 12
2025 8
2026 11
2027 10
2028 12
2029 11
2030 11
2031 13
2032 11
2033 11
2034 9
2035 10
2036 5
2037 14
2038 9
2039 13
2040 9
2041 8
2042 8
2043 10
2044 14
2045 10
2046 13
2047 9
2048 12
2049 12
2050 10
2051 11
2052 8
2053 10
2054 9
2055 12
2056 15
2057 12
2058 13
2059 11
2060 10
2061 11
2062 8
2063 10
2064 11
2065 14
2066 9
2067 10
2068 12
2069 12
2070 8
2071 6
2072 5
2073 13
2074 10
2075 9
2076 14
2077 12
2078 11
2079 14
2080 12
2081 12
2082 6
2083 10
2084 8
2085 10
2086 6
2087 12
2088 11
2089 8
2090 12
2091 13
2092 14
2093 13
2094 15
2095 9
2096 9
2097 15
2098 10
2099 12
2100 12
2101 12
2102 12
2103 16
2104 12
2105 9
2106 15
2107 14
2108 14
2109 9
2110 10
2111 13
2112 9
2113 13
2114 13
2115 12
2116 11
2117 12
2118 9
2119 8
2120 9
2121 11
2122 9
2123 12
2124 14
2125 11
2126 13
2127 12
2128 9
2129 12
2130 10
2131 9
2132 10
2133 9
2134 7
2135 12
2136 13
2137 11
2138 11
2139 11
2140 11
2141 10
2142 12
2143 14
2144 11
2145 11
2146 10
2147 12
2148 7
2149 8
2150 13
2151 11
2152 8
2153 12
2154 9
2155 10
2156 17
2157 14
2158 10
2159 9
2160 11
2161 14
2162 14
2163 12
2164 9
2165 12
2166 11
2167 8
2168 13
2169 15
2170 7
2171 11
2172 15
2173 11
2174 9
2175 10
2176 12
2177 12
2178 12
2179 9
2180 11
2181 12
2182 10
2183 9
2184 10
2185 8
2186 11
2187 10
2188 11
2189 11
2190 15
2191 13
2192 14
2193 12
2194 11
2195 11
2196 8
2197 8
2198 8
2199 13
2200 13
2201 11
2202 11
2203 8
2204 11
2205 10
2206 8
2207 16
2208 10
2209 11
2210 9
2211 10
2212 11
2213 7
2214 12
2215 9
2216 12
2217 11
2218 13
2219 12
2220 11
2221 14
2222 9
2223 15
2224 13
2225 10
2226 12
2227 12
2228 8
2229 13
2230 13
2231 12
2232 13
2233 9
2234 5
2235 10
2236 12
2237 10
2238 7
2239 8
2240 5
2241 11
2242 10
2243 14
2244 8
2245 15
2246 15
2247 8
2248 10
2249 9
2250 14
2251 8
2252 13
2253 9
2254 11
2255 9
2256 11
2257 8
2258 13
2259 10
2260 12
2261 15
2262 10
2263 8
2264 14
2265 13
2266 11
2267 8
2268 10
2269 11
2270 7
2271 9
2272 12
2273 9
2274 12
2275 13
2276 8
2277 9
2278 9
2279 7
2280 13
2281 12
2282 10
2283 11
2284 9
2285 8
2286 12
2287 9
2288 13
2289 12
2290 9
2291 15
2292 10
2293 11
2294 10
2295 8
2296 10
2297 14
2298 11
2299 9
2300 10
2301 12
2302 13
2303 10
2304 17
2305 11
2306 10
2307 10
2308 10
2309 15
2310 14
2311 11
2312 6
2313 15
2314 8
2315 10
2316 11
2317 10
2318 9
2319 13
2320 10
2321 13
2322 10
2323 14
2324 10
2325 9
2326 10
2327 14
2328 14
2329 15
2330 8
2331 11
2332 11
2333 13
2334 12
2335 7
2336 9
2337 12
2338 10
2339 13
2340 13
2341 12
2342 11
2343 14
2344 11
2345 9
2346 9
2347 13
2348 10
2349 9
2350 8
2351 12
2352 10
2353 11
2354 11
2355 10
2356 13
2357 9
2358 15
2359 9
2360 11
2361 13
2362 13
2363 10
2364 11
2365 7
2366 9
2367 12
2368 11
2369 14
2370 9
2371 9
2372 15
2373 8
2374 7
2375 10
2376 11
2377 14
2378 12
2379 12
2380 10
2381 9
2382 6
2383 17
2384 14
2385 11
2386 13
2387 16
2388 10
2389 9
2390 13
2391 10
2392 11
2393 12
2394 7
2395 13
2396 11
2397 9
2398 12
2399 12
2400 9
2401 9
2402 12
2403 10
2404 15
2405 13
2406 10
2407 13
2408 11
2409 10
2410 11
2411 7
2412 8
2413 12
2414 11
2415 11
2416 10
2417 10
2418 10
2419 8
2420 13
2421 12
2422 12
2423 12
2424 7
2425 13
2426 12
2427 12
2428 9
2429 14
2430 13
2431 11
2432 16
2433 12
2434 9
2435 12
2436 12
2437 7
2438 11
2439 7
2440 8
2441 11
2442 14
2443 8
2444 13
2445 14
2446 10
2447 12
2448 9
2449 10
2450 14
2451 9
2452 12
2453 10
2454 9
2455 11
2456 9
2457 12
2458 14
2459 10
2460 14
2461 14
2462 11
2463 10
2464 6
2465 12
2466 16
2467 15
2468 13
2469 11
2470 11
2471 15
2472 10
2473 15
2474 7
2475 9
2476 7
2477 14
2478 11
2479 10
2480 11
2481 8
2482 15
2483 9
2484 10
2485 8
2486 11
2487 12
2488 12
2489 11
2490 13
2491 8
2492 6
2493 11
2494 12
2495 11
2496 12
2497 9
2498 12
2499 11
2500 12
2501 11
2502 9
2503 9
2504 11
2505 13
2506 15
2507 14
2508 12
2509 8
2510 10
2511 9
2512 10
2513 13
2514 10
2515 12
2516 15
2517 6
2518 7
2519 11
2520 10
2521 10
2522 14
2523 9
2524 8
2525 13
2526 9
2527 18
2528 10
2529 8
2530 12
2531 12
2532 13
2533 10
2534 14
2535 5
2536 12
2537 10
2538 14
2539 11
2540 10
2541 16
2542 14
2543 12
2544 8
2545 10
2546 12
2547 14
2548 10
2549 13
2550 9
2551 12
2552 13
2553 9
2554 8
2555 13
2556 12
2557 9
2558 10
2559 11
2560 12
2561 10
2562 12
2563 12
2564 11
2565 14
2566 11
2567 11
2568 14
2569 10
2570 10
2571 10
2572 12
2573 10
2574 14
2575 9
2576 11
2577 9
2578 9
2579 8
2580 12
2581 15
2582 9
2583 13
2584 11
2585 12
2586 15
2587 8
2588 11
2589 13
2590 13
2591 8
2592 9
2593 12
2594 11
2595 15
2596 12
2597 16
2598 8
2599 11
2600 10
2601 11
2602 12
2603 9
2604 11
2605 8
2606 12
2607 9
2608 10
2609 13
2610 11
2611 11
2612 8
2613 10
2614 16
2615 8
2616 10
2617 9
2618 12
2619 10
2620 11
2621 12
2622 4
2623 12
2624 10
2625 14
2626 11
2627 11
2628 13
2629 8
2630 14
2631 8
2632 12
2633 7
2634 9
2635 8
2636 17
2637 9
2638 9
2639 8
2640 10
2641 8
2642 10
2643 9
2644 9
2645 11
2646 12
2647 12
2648 14
2649 12
2650 9
2651 10
2652 12
2653 13
2654 8
2655 12
2656 13
2657 9
2658 9
2659 11
2660 12
2661 14
2662 10
2663 10
2664 15
2665 14
2666 11
2667 14
2668 12
2669 8
2670 13
2671 11
2672 11
2673 13
2674 12
2675 10
2676 8
2677 10
2678 6
2679 9
2680 14
2681 10
2682 7
2683 13
2684 14
2685 9
2686 12
2687 14
2688 10
2689 12
2690 11
2691 13
2692 14
2693 10
2694 10
2695 11
2696 12
2697 10
2698 11
2699 10
2700 13
2701 10
2702 12
2703 14
2704 9
2705 12
2706 15
2707 16
2708 12
2709 13
2710 12
2711 11
2712 11
2713 13
2714 14
2715 16
2716 8
2717 8
2718 9
2719 16
2720 9
2721 8
2722 12
2723 10
2724 12
2725 10
2726 12
2727 8
2728 11
2729 11
2730 12
2731 13
2732 10
2733 12
2734 8
2735 13
2736 13
2737 10
2738 17
2739 14
2740 13
2741 12
2742 9
2743 9
2744 10
2745 14
2746 12
2747 17
2748 14
2749 14
2750 11
2751 13
2752 13
2753 14
2754 11
2755 11
2756 13
2757 11
2758 8
2759 12
2760 9
2761 13
2762 11
2763 13
2764 10
2765 12
2766 7
2767 12
2768 14
2769 9
2770 11
2771 11
2772 10
2773 13
2774 14
2775 14
2776 8
2777 12
2778 10
2779 9
2780 11
2781 10
2782 10
2783 10
2784 13
2785 14
2786 15
2787 16
2788 11
2789 10
2790 10
2791 11
2792 9
2793 10
2794 9
2795 12
2796 10
2797 8
2798 9
2799 10
2800 13
2801 10
2802 10
2803 13
2804 12
2805 11
2806 9
2807 15
2808 14
2809 8
2810 14
2811 11
2812 10
2813 14
2814 7
2815 10
2816 8
2817 11
2818 7
2819 10
2820 11
2821 8
2822 11
2823 9
2824 12
2825 10
2826 9
2827 11
2828 11
2829 9
2830 14
2831 14
2832 12
2833 13
2834 13
2835 13
2836 13
2837 15
2838 9
2839 12
2840 12
2841 14
2842 13
2843 8
2844 13
2845 10
2846 7
2847 8
2848 13
2849 12
2850 10
2851 11
2852 8
2853 11
2854 11
2855 10
2856 10
2857 9
2858 15
2859 11
2860 11
2861 13
2862 9
2863 18
2864 11
2865 13
2866 13
2867 12
2868 10
2869 8
2870 13
2871 11
2872 13
2873 14
2874 15
2875 12
2876 10
2877 12
2878 13
2879 14
2880 7
2881 8
2882 10
2883 10
2884 15
2885 12
2886 15
2887 11
2888 10
2889 9
2890 11
2891 8
2892 13
2893 13
2894 10
2895 10
2896 9
2897 8
2898 11
2899 13
2900 6
2901 10
2902 12
2903 12
2904 11
2905 13
2906 12
2907 14
2908 8
2909 13
2910 8
2911 10
2912 8
2913 7
2914 12
2915 15
2916 12
2917 12
2918 13
2919 7
2920 7
2921 13
2922 12
2923 13
2924 12
2925 12
2926 12
2927 9
2928 9
2929 11
2930 11
2931 13
2932 11
2933 13
2934 12
2935 14
2936 11
2937 12
2938 13
2939 9
2940 18
2941 15
2942 10
2943 13
2944 11
2945 9
2946 13
2947 11
2948 10
2949 14
2950 10
2951 11
2952 12
2953 14
2954 14
2955 12
2956 11
2957 11
2958 9
2959 13
2960 10
2961 8
2962 14
2963 8
2964 13
2965 11
2966 10
2967 10
2968 9
2969 12
2970 5
2971 9
2972 11
2973 12
2974 11
2975 11
2976 11
2977 13
2978 7
2979 12
2980 10
2981 8
2982 14
2983 12
2984 11
2985 11
2986 12
2987 9
2988 15
2989 13
2990 12
2991 13
2992 10
2993 13
2994 8
2995 11
2996 10
2997 9
2998 10
2999 11
3000 13
3001 12
3002 7
3003 10
3004 16
3005 13
3006 10
3007 12
3008 9
3009 14
3010 10
3011 14
3012 14
3013 13
3014 11
3015 9
3016 14
3017 9
3018 13
3019 13
3020 9
3021 8
3022 15
3023 12
3024 9
3025 9
3026 10
3027 13
3028 10
3029 14
3030 13
3031 9
3032 14
3033 12
3034 8
3035 12
3036 9
3037 11
3038 13
3039 17
3040 11
3041 11
3042 10
3043 10
3044 13
3045 13
3046 13
3047 10
3048 11
3049 10
3050 13
3051 12
3052 12
3053 11
3054 13
3055 13
3056 13
3057 11
3058 14
3059 8
3060 14
3061 10
3062 9
3063 10
3064 11
3065 11
3066 10
3067 9
3068 10
3069 11
3070 16
3071 10
3072 7
3073 10
3074 11
3075 14
3076 10
3077 14
3078 14
3079 9
3080 8
3081 8
3082 10
3083 9
3084 14
3085 10
3086 15
3087 13
3088 11
3089 11
3090 11
3091 13
3092 14
3093 9
3094 7
3095 9
3096 13
3097 13
3098 8
3099 9
3100 10
3101 9
3102 13
3103 14
3104 7
3105 9
3106 11
3107 10
3108 16
3109 15
3110 9
3111 10
3112 10
3113 10
3114 9
3115 14
3116 11
3117 11
3118 11
3119 12
3120 10
3121 12
3122 9
3123 14
3124 13
3125 14
3126 14
3127 9
3128 14
3129 10
3130 14
3131 11
3132 15
3133 8
3134 14
3135 11
3136 9
3137 9
3138 10
3139 9
3140 11
3141 9
3142 13
3143 15
3144 10
3145 12
3146 14
3147 12
3148 12
3149 11
3150 9
3151 10
3152 10
3153 10
3154 10
3155 12
3156 11
3157 12
3158 11
3159 14
3160 11
3161 15
3162 9
3163 13
3164 10
3165 13
3166 8
3167 10
3168 12
3169 15
3170 14
3171 10
3172 11
3173 9
3174 12
3175 9
3176 11
3177 9
3178 13
3179 10
3180 13
3181 15
3182 15
3183 10
3184 11
3185 12
3186 13
3187 9
3188 13
3189 7
3190 12
3191 11
3192 11
3193 11
3194 14
3195 10
3196 12
3197 15
3198 11
3199 14
3200 13
3201 12
3202 15
3203 11
3204 15
3205 11
3206 11
3207 12
3208 9
3209 12
3210 10
3211 10
3212 12
3213 11
3214 16
3215 11
3216 10
3217 13
3218 15
3219 10
3220 11
3221 11
3222 18
3223 10
3224 8
3225 10
3226 8
3227 11
3228 9
3229 13
3230 14
3231 9
3232 6
3233 8
3234 14
3235 11
3236 7
3237 16
3238 9
3239 9
3240 10
3241 11
3242 12
3243 13
3244 10
3245 9
3246 11
3247 10
3248 8
3249 9
3250 13
3251 11
3252 8
3253 10
3254 10
3255 11
3256 14
3257 10
3258 13
3259 13
3260 12
3261 8
3262 13
3263 13
3264 10
3265 11
3266 14
3267 13
3268 12
3269 14
3270 13
3271 10
3272 10
3273 11
3274 10
3275 12
3276 11
3277 8
3278 18
3279 9
3280 10
3281 11
3282 11
3283 11
3284 14
3285 14
3286 8
3287 14
3288 11
3289 12
3290 14
3291 9
3292 17
3293 10
3294 10
3295 10
3296 10
3297 12
3298 8
3299 10
3300 10
3301 8
3302 12
3303 11
3304 9
3305 7
3306 11
3307 12
3308 14
3309 11
3310 13
3311 8
3312 12
3313 14
3314 15
3315 12
3316 12
3317 5
3318 8
3319 12
3320 11
3321 11
3322 10
3323 9
3324 12
3325 8
3326 8
3327 15
3328 8
3329 12
3330 14
3331 14
3332 11
3333 8
3334 15
3335 13
3336 12
3337 13
3338 13
3339 10
3340 11
3341 11
3342 12
3343 8
3344 10
3345 11
3346 9
3347 13
3348 11
3349 8
3350 13
3351 13
3352 13
3353 10
3354 12
3355 13
3356 16
3357 8
3358 15
3359 12
3360 11
3361 8
3362 13
3363 6
3364 10
3365 10
3366 11
3367 16
3368 9
3369 8
3370 12
3371 10
3372 11
3373 10
3374 14
3375 8
3376 11
3377 11
3378 15
3379 11
3380 11
3381 10
3382 15
3383 13
3384 10
3385 9
3386 10
3387 7
3388 11
3389 10
3390 7
3391 14
3392 11
3393 6
3394 8
3395 11
3396 13
3397 11
3398 13
3399 13
3400 14
3401 11
3402 13
3403 9
3404 9
3405 7
3406 12
3407 11
3408 12
3409 17
3410 12
3411 8
3412 14
3413 13
3414 10
3415 9
3416 12
3417 10
3418 11
3419 8
3420 10
3421 14
3422 8
3423 9
3424 9
3425 10
3426 5
3427 13
3428 9
3429 16
3430 8
3431 12
3432 12
3433 15
3434 11
3435 14
3436 11
3437 10
3438 8
3439 7
3440 8
3441 9
3442 10
3443 9
3444 11
3445 9
3446 9
3447 12
3448 11
3449 11
3450 15
3451 9
3452 12
3453 8
3454 9
3455 12
3456 10
3457 11
3458 14
3459 10
3460 11
3461 14
3462 10
3463 15
3464 15
3465 11
3466 9
3467 15
3468 11
3469 9
3470 12
3471 11
3472 10
3473 13
3474 13
3475 9
3476 14
3477 11
3478 11
3479 8
3480 14
3481 9
3482 11
3483 11
3484 13
3485 13
3486 11
3487 8
3488 14
3489 9
3490 10
3491 10
3492 13
3493 13
3494 7
3495 13
3496 7
3497 11
3498 10
3499 10
3500 10
3501 13
3502 10
3503 13
3504 12
3505 10
3506 13
3507 9
3508 13
3509 13
3510 15
3511 8
3512 9
3513 13
3514 7
3515 8
3516 8
3517 12
3518 15
3519 13
3520 12
3521 14
3522 12
3523 8
3524 9
3525 13
3526 15
3527 13
3528 14
3529 18
3530 14
3531 8
3532 11
3533 13
3534 13
3535 13
3536 14
3537 16
3538 7
3539 10
3540 8
3541 14
3542 9
3543 12
3544 11
3545 11
3546 11
3547 13
3548 16
3549 15
3550 11
3551 13
3552 11
3553 8
3554 9
3555 8
3556 15
3557 12
3558 11
3559 12
3560 9
3561 8
3562 11
3563 12
3564 12
3565 11
3566 11
3567 14
3568 8
3569 9
3570 7
3571 15
3572 10
3573 9
3574 12
3575 14
3576 13
3577 8
3578 9
3579 12
3580 10
3581 12
3582 10
3583 10
3584 10
3585 16
3586 12
3587 15
3588 11
3589 9
3590 10
3591 12
3592 10
3593 7
3594 7
3595 13
3596 11
3597 13
3598 15
3599 15
3600 9
3601 14
3602 11
3603 12
3604 11
3605 11
3606 13
3607 16
3608 11
3609 14
3610 16
3611 10
3612 13
3613 10
3614 12
3615 12
3616 14
3617 9
3618 13
3619 4
3620 13
3621 12
3622 14
3623 14
3624 13
3625 11
3626 12
3627 10
3628 11
3629 14
3630 8
3631 13
3632 8
3633 12
3634 12
3635 9
3636 10
3637 8
3638 11
3639 9
3640 12
3641 10
3642 12
3643 8
3644 13
3645 13
3646 11
3647 12
3648 6
3649 14
3650 12
3651 11
3652 11
3653 11
3654 12
3655 7
3656 11
3657 9
3658 8
3659 9
3660 8
3661 11
3662 13
3663 15
3664 9
3665 15
3666 13
3667 11
3668 13
3669 9
3670 10
3671 15
3672 10
3673 8
3674 10
3675 12
3676 9
3677 13
3678 11
3679 9
3680 8
3681 8
3682 10
3683 16
3684 13
3685 10
3686 14
3687 10
3688 12
3689 14
3690 17
3691 13
3692 13
3693 8
3694 8
3695 12
3696 11
3697 13
3698 16
3699 10
3700 13
3701 13
3702 13
3703 11
3704 10
3705 11
3706 11
3707 15
3708 11
3709 10
3710 6
3711 13
3712 10
3713 15
3714 12
3715 8
3716 11
3717 12
3718 13
3719 12
3720 16
3721 11
3722 8
3723 11
3724 9
3725 11
3726 10
3727 11
3728 13
3729 14
3730 9
3731 11
3732 14
3733 9
3734 12
3735 11
3736 9
3737 12
3738 12
3739 9
3740 14
3741 13
3742 15
3743 9
3744 10
3745 12
3746 10
3747 10
3748 10
3749 15
3750 11
3751 16
3752 10
3753 10
3754 12
3755 12
3756 11
3757 10
3758 10
3759 10
3760 11
3761 7
3762 12
3763 13
3764 12
3765 14
3766 13
3767 16
3768 13
3769 15
3770 17
3771 12
3772 12
3773 14
3774 8
3775 9
3776 12
3777 9
3778 11
3779 10
3780 11
3781 10
3782 10
3783 12
3784 13
3785 10
3786 9
3787 12
3788 8
3789 13
3790 13
3791 7
3792 12
3793 14
3794 11
3795 7
3796 10
3797 15
3798 12
3799 12
3800 12
3801 11
3802 11
3803 7
3804 11
3805 14
3806 10
3807 9
3808 11
3809 13
3810 11
3811 14
3812 10
3813 8
3814 9
3815 11
3816 11
3817 13
3818 13
3819 8
3820 10
3821 15
3822 12
3823 6
3824 11
3825 15
3826 8
3827 10
3828 10
3829 10
3830 8
3831 9
3832 9
3833 12
3834 16
3835 14
3836 11
3837 10
3838 12
3839 9
3840 9
3841 14
3842 11
3843 11
3844 13
3845 13
3846 12
3847 9
3848 11
3849 11
3850 11
3851 14
3852 10
3853 14
3854 12
3855 8
3856 11
3857 15
3858 11
3859 16
3860 10
3861 11
3862 12
3863 13
3864 13
3865 8
3866 6
3867 11
3868 12
3869 17
3870 13
3871 13
3872 13
3873 13
3874 11
3875 11
3876 12
3877 11
3878 14
3879 11
3880 11
3881 6
3882 12
3883 12
3884 9
3885 14
3886 14
3887 8
3888 15
3889 12
3890 11
3891 11
3892 11
3893 11
3894 10
3895 8
3896 11
3897 13
3898 11
3899 13
3900 14
3901 10
3902 12
3903 11
3904 9
3905 11
3906 10
3907 10
3908 12
3909 8
3910 14
3911 17
3912 11
3913 9
3914 13
3915 11
3916 11
3917 12
3918 12
3919 10
3920 9
3921 9
3922 16
3923 12
3924 13
3925 15
3926 16
3927 10
3928 12
3929 10
3930 12
3931 11
3932 17
3933 12
3934 10
3935 12
3936 11
3937 10
3938 13
3939 15
3940 16
3941 13
3942 11
3943 7
3944 11
3945 14
3946 13
3947 17
3948 9
3949 14
3950 8
3951 10
3952 14
3953 12
3954 16
3955 12
3956 11
3957 12
3958 12
3959 12
3960 12
3961 11
3962 13
3963 10
3964 10
3965 9
3966 13
3967 14
3968 13
3969 15
3970 15
3971 13
3972 10
3973 11
3974 14
3975 10
3976 8
3977 14
3978 12
3979 13
3980 8
3981 11
3982 10
3983 13
3984 11
3985 15
3986 8
3987 10
3988 12
3989 16
3990 11
3991 13
3992 10
3993 12
3994 11
3995 11
3996 13
3997 10
3998 7
3999 9
4000 10
4001 12
4002 10
4003 12
4004 14
4005 7
4006 12
4007 12
4008 12
4009 11
4010 10
4011 6
4012 14
4013 7
4014 7
4015 11
4016 12
4017 11
4018 12
4019 11
4020 13
4021 11
4022 13
4023 10
4024 10
4025 9
4026 11
4027 9
4028 14
4029 9
4030 10
4031 12
4032 7
4033 11
4034 9
4035 15
4036 12
4037 9
4038 9
4039 11
4040 12
4041 11
4042 10
4043 12
4044 12
4045 11
4046 8
4047 13
4048 9
4049 8
4050 13
4051 12
4052 11
4053 13
4054 15
4055 13
4056 11
4057 11
4058 13
4059 9
4060 9
4061 16
4062 12
4063 7
4064 9
4065 12
4066 10
4067 9
4068 10
4069 15
4070 12
4071 12
4072 13
4073 11
4074 12
4075 10
4076 9
4077 11
4078 11
4079 14
4080 8
4081 11
4082 11
4083 10
4084 10
4085 12
4086 13
4087 13
4088 12
4089 9
4090 11
4091 11
4092 6
4093 13
4094 12
4095 8
4096 14
4097 9
4098 8
4099 9
4100 11
4101 10
4102 12
4103 13
4104 7
4105 10
4106 11
4107 14
4108 11
4109 14
4110 9
4111 10
4112 16
4113 11
4114 13
4115 13
4116 10
4117 13
4118 9
4119 12
4120 9
4121 14
4122 8
4123 12
4124 13
4125 16
4126 7
4127 9
4128 12
4129 14
4130 11
4131 12
4132 12
4133 10
4134 17
4135 14
4136 11
4137 13
4138 9
4139 9
4140 16
4141 11
4142 12
4143 14
4144 11
4145 9
4146 8
4147 11
4148 11
4149 13
4150 16
4151 12
4152 14
4153 11
4154 11
4155 12
4156 11
4157 12
4158 8
4159 14
4160 11
4161 9
4162 11
4163 11
4164 13
4165 12
4166 12
4167 11
4168 9
4169 9
4170 12
4171 10
4172 10
4173 11
4174 10
4175 7
4176 11
4177 10
4178 12
4179 11
4180 11
4181 14
4182 11
4183 11
4184 10
4185 10
4186 11
4187 8
4188 11
4189 9
4190 13
4191 7
4192 11
4193 15
4194 10
4195 12
4196 13
4197 12
4198 7
4199 12
4200 13
4201 14
4202 11
4203 12
4204 9
4205 11
4206 9
4207 11
4208 11
4209 13
4210 7
4211 14
4212 11
4213 11
4214 10
4215 12
4216 12
4217 13
4218 12
4219 10
4220 9
4221 11
4222 7
4223 11
4224 12
4225 13
4226 17
4227 14
4228 12
4229 11
4230 13
4231 11
4232 9
4233 11
4234 9
4235 11
4236 13
4237 10
4238 12
4239 8
4240 11
4241 10
4242 11
4243 9
4244 10
4245 13
4246 13
4247 12
4248 11
4249 10
4250 12
4251 8
4252 12
4253 13
4254 11
4255 13
4256 9
4257 11
4258 11
4259 14
4260 12
4261 12
4262 11
4263 13
4264 10
4265 9
4266 12
4267 11
4268 7
4269 13
4270 10
4271 10
4272 11
4273 15
4274 14
4275 10
4276 9
4277 8
4278 9
4279 15
4280 14
4281 11
4282 10
4283 11
4284 11
4285 7
4286 12
4287 11
4288 11
4289 11
4290 11
4291 13
4292 11
4293 13
4294 11
4295 11
4296 7
4297 8
4298 12
4299 11
4300 15
4301 9
4302 9
4303 12
4304 13
4305 13
4306 6
4307 15
4308 7
4309 13
4310 12
4311 13
4312 9
4313 10
4314 10
4315 15
4316 8
4317 12
4318 7
4319 12
4320 7
4321 11
4322 15
4323 13
4324 13
4325 8
4326 12
4327 10
4328 13
4329 9
4330 8
4331 10
4332 10
4333 14
4334 16
4335 10
4336 14
4337 12
4338 9
4339 12
4340 14
4341 12
4342 13
4343 11
4344 6
4345 15
4346 10
4347 12
4348 14
4349 8
4350 12
4351 14
4352 9
4353 9
4354 13
4355 10
4356 9
4357 11
4358 11
4359 15
4360 12
4361 9
4362 12
4363 6
4364 16
4365 8
4366 13
4367 10
4368 13
4369 13
4370 8
4371 10
4372 10
4373 9
4374 12
4375 6
4376 12
4377 13
4378 11
4379 12
4380 12
4381 9
4382 13
4383 10
4384 15
4385 8
4386 11
4387 11
4388 12
4389 6
4390 9
4391 8
4392 11
4393 14
4394 11
4395 12
4396 6
4397 10
4398 10
4399 9
4400 13
4401 14
4402 14
4403 11
4404 17
4405 11
4406 10
4407 11
4408 13
4409 14
4410 13
4411 12
4412 14
4413 12
4414 11
4415 13
4416 13
4417 14
4418 9
4419 11
4420 10
4421 9
4422 16
4423 9
4424 14
4425 14
4426 12
4427 11
4428 9
4429 14
4430 10
4431 11
4432 15
4433 8
4434 12
4435 12
4436 11
4437 9
4438 11
4439 11
4440 12
4441 10
4442 9
4443 11
4444 10
4445 11
4446 10
4447 9
4448 11
4449 14
4450 13
4451 12
4452 11
4453 15
4454 12
4455 11
4456 9
4457 13
4458 13
4459 12
4460 12
4461 9
4462 12
4463 15
4464 9
4465 8
4466 12
4467 10
4468 11
4469 11
4470 11
4471 12
4472 12
4473 13
4474 11
4475 13
4476 15
4477 9
4478 12
4479 12
4480 11
4481 7
4482 12
4483 8
4484 12
4485 14
4486 15
4487 9
4488 17
4489 11
4490 16
4491 14
4492 11
4493 9
4494 12
4495 7
4496 14
4497 13
4498 11
4499 6
4500 9
4501 12
4502 10
4503 11
4504 12
4505 13
4506 6
4507 10
4508 12
4509 10
4510 8
4511 11
4512 9
4513 9
4514 10
4515 10
4516 10
4517 13
4518 8
4519 12
4520 10
4521 12
4522 13
4523 13
4524 13
4525 11
4526 15
4527 10
4528 8
4529 16
4530 12
4531 12
4532 11
4533 12
4534 12
4535 9
4536 9
4537 17
4538 8
4539 13
4540 6
4541 9
4542 11
4543 14
4544 9
4545 13
4546 8
4547 9
4548 10
4549 12
4550 10
4551 14
4552 11
4553 10
4554 10
4555 12
4556 8
4557 6
4558 13
4559 13
4560 8
4561 14
4562 14
4563 10
4564 9
4565 9
4566 14
4567 12
4568 12
4569 10
4570 17
4571 9
4572 11
4573 7
4574 11
4575 9
4576 15
4577 14
4578 10
4579 12
4580 8
4581 13
4582 13
4583 11
4584 6
4585 10
4586 10
4587 10
4588 10
4589 14
4590 9
4591 8
4592 9
4593 13
4594 11
4595 10
4596 10
4597 11
4598 15
4599 13
4600 11
4601 9
4602 10
4603 12
4604 12
4605 12
4606 13
4607 11
4608 15
4609 12
4610 12
4611 10
4612 11
4613 9
4614 10
4615 12
4616 14
4617 8
4618 9
4619 12
4620 13
4621 12
4622 10
4623 12
4624 13
4625 10
4626 12
4627 7
4628 8
4629 13
4630 15
4631 13
4632 14
4633 13
4634 12
4635 12
4636 9
4637 13
4638 11
4639 14
4640 14
4641 8
4642 11
4643 15
4644 7
4645 12
4646 8
4647 10
4648 9
4649 13
4650 12
4651 12
4652 14
4653 10
4654 6
4655 11
4656 8
4657 11
4658 11
4659 9
4660 11
4661 11
4662 12
4663 6
4664 13
4665 13
4666 10
4667 13
4668 12
4669 10
4670 10
4671 9
4672 11
4673 8
4674 10
4675 5
4676 8
4677 11
4678 10
4679 10
4680 9
4681 15
4682 9
4683 13
4684 16
4685 13
4686 9
4687 10
4688 12
4689 16
4690 11
4691 12
4692 17
4693 10
4694 10
4695 11
4696 11
4697 13
4698 9
4699 10
4700 10
4701 10
4702 11
4703 10
4704 10
4705 12
4706 11
4707 12
4708 7
4709 13
4710 9
4711 9
4712 9
4713 12
4714 10
4715 9
4716 9
4717 8
4718 13
4719 9
4720 10
4721 11
4722 12
4723 12
4724 10
4725 15
4726 11
4727 12
4728 12
4729 11
4730 11
4731 13
4732 13
4733 11
4734 10
4735 9
4736 11
4737 13
4738 8
4739 11
4740 9
4741 11
4742 9
4743 13
4744 10
4745 14
4746 10
4747 11
4748 10
4749 7
4750 10
4751 10
4752 11
4753 6
4754 12
4755 11
4756 8
4757 13
4758 10
4759 9
4760 8
4761 14
4762 7
4763 14
4764 11
4765 9
4766 9
4767 12
4768 11
4769 12
4770 9
4771 15
4772 13
4773 9
4774 16
4775 13
4776 14
4777 11
4778 11
4779 11
4780 14
4781 14
4782 9
4783 7
4784 12
4785 8
4786 13
4787 12
4788 13
4789 12
4790 10
4791 10
4792 8
4793 9
4794 11
4795 13
4796 8
4797 14
4798 8
4799 11
4800 10
4801 14
4802 12
4803 8
4804 11
4805 12
4806 13
4807 9
4808 10
4809 12
4810 12
4811 12
4812 11
4813 12
4814 12
4815 8
4816 14
4817 11
4818 9
4819 16
4820 10
4821 5
4822 10
4823 9
4824 9
4825 7
4826 11
4827 11
4828 12
4829 10
4830 10
4831 10
4832 14
4833 8
4834 11
4835 7
4836 8
4837 10
4838 13
4839 10
4840 10
4841 16
4842 15
4843 11
4844 15
4845 10
4846 15
4847 11
4848 10
4849 13
4850 10
4851 10
4852 11
4853 13
4854 11
4855 10
4856 14
4857 14
4858 9
4859 10
4860 11
4861 10
4862 9
4863 10
4864 13
4865 13
4866 15
4867 13
4868 11
4869 11
4870 12
4871 8
4872 12
4873 12
4874 10
4875 12
4876 10
4877 10
4878 10
4879 8
4880 11
4881 12
4882 16
4883 7
4884 14
4885 12
4886 9
4887 12
4888 11
4889 11
4890 17
4891 12
4892 10
4893 11
4894 10
4895 10
4896 11
4897 7
4898 16
4899 11
4900 10
4901 10
4902 8
4903 9
4904 13
4905 12
4906 12
4907 11
4908 13
4909 10
4910 7
4911 9
4912 13
4913 10
4914 13
4915 12
4916 13
4917 10
4918 10
4919 14
4920 12
4921 14
4922 16
4923 11
4924 12
4925 13
4926 12
4927 11
4928 8
4929 11
4930 10
4931 9
4932 11
4933 10
4934 16
4935 12
4936 14
4937 8
4938 12
4939 14
4940 13
4941 14
4942 10
4943 11
4944 11
4945 11
4946 8
4947 13
4948 10
4949 12
4950 11
4951 10
4952 14
4953 10
4954 12
4955 10
4956 9
4957 14
4958 11
4959 11
4960 9
4961 13
4962 11
4963 9
4964 13
4965 11
4966 10
4967 13
4968 12
4969 13
4970 8
4971 10
4972 10
4973 4
4974 10
4975 9
4976 16
4977 13
4978 11
4979 12
4980 10
4981 9
4982 10
4983 11
4984 12
4985 6
4986 11
4987 9
4988 14
4989 13
4990 10
4991 12
4992 12
4993 11
4994 12
4995 10
4996 8
4997 13
4998 17
4999 10
5000 11
