0 84
1 14
2 10
3 12
4 10
5 6
6 8
7 10
8 10
9 11
10 14
11 10
12 13
13 11
14 9
15 4
16 11
17 9
18 15
19 8
20 9
21 11
22 7
23 10
24 9
25 13
26 11
27 13
28 14
29 5
30 8
31 14
32 16
33 11
34 11
35 8
36 10
37 10
38 12
39 11
40 12
41 9
42 13
43 7
44 12
45 8
46 10
47 9
48 10
49 7
50 12
51 10
52 10
53 9
54 12
55 14
56 10
57 9
58 11
59 13
60 12
61 8
62 7
63 12
64 15
65 11
66 13
67 10
68 11
69 12
70 13
71 8
72 8
73 12
74 9
75 8
76 8
77 11
78 9
79 13
80 12
81 10
82 12
83 9
84 10
85 9
86 7
87 10
88 9
89 11
90 12
91 11
92 11
93 10
94 6
95 6
96 8
97 11
98 9
99 10
100 13
101 11
102 11
103 8
104 9
105 10
106 7
107 9
108 12
109 6
110 11
111 12
112 12
113 12
114 5
115 9
116 6
117 13
118 11
119 8
120 11
121 11
122 11
123 14
124 9
125 10
126 11
127 12
128 10
129 16
130 11
131 12
132 10
133 11
134 9
135 14
136 6
137 14
138 10
139 7
140 9
141 7
142 6
143 8
144 8
145 8
146 7
147 12
148 9
149 10
150 8
151 12
152 12
153 14
154 12
155 10
156 8
157 6
158 10
159 13
160 7
161 9
162 7
163 7
164 10
165 9
166 12
167 9
168 11
169 11
170 9
171 12
172 14
173 14
174 7
175 13
176 10
177 12
178 10
179 12
180 11
181 8
182 12
183 8
184 13
185 11
186 12
187 9
188 12
189 12
190 11
191 17
192 12
193 9
194 13
195 6
196 7
197 10
198 12
199 11
200 7
201 12
202 8
203 8
204 6
205 13
206 8
207 7
208 7
209 11
210 9
211 15
212 9
213 10
214 11
215 14
216 12
217 10
218 6
219 8
220 12
221 10
222 7
223 10
224 13
225 9
226 10
227 7
228 9
229 8
230 6
231 9
232 8
233 6
234 8
235 13
236 9
237 12
238 15
239 5
240 5
241 9
242 12
243 12
244 9
245 10
246 10
247 12
248 8
249 9
250 12
251 11
252 10
253 11
254 9
255 12
256 12
257 9
258 10
259 14
260 12
261 11
262 11
263 11
264 10
265 15
266 12
267 12
268 11
269 10
270 8
271 11
272 9
273 9
274 13
275 8
276 8
277 10
278 8
279 12
280 12
281 13
282 12
283 10
284 7
285 11
286 9
287 11
288 13
289 12
290 12
291 14
292 9
293 9
294 9
295 6
296 11
297 10
298 8
299 9
300 10
301 12
302 12
303 14
304 8
305 11
306 7
307 11
308 11
309 12
310 14
311 9
312 9
313 11
314 9
315 4
316 10
317 11
318 15
319 10
320 11
321 8
322 12
323 7
324 16
325 8
326 8
327 11
328 12
329 14
330 12
331 9
332 4
333 6
334 10
335 9
336 10
337 8
338 9
339 9
340 10
341 11
342 13
343 13
344 7
345 10
346 12
347 7
348 13
349 9
350 12
351 12
352 15
353 11
354 11
355 11
356 6
357 13
358 10
359 10
360 7
361 10
362 7
363 7
364 9
365 8
366 7
367 12
368 13
369 6
370 9
371 10
372 10
373 12
374 10
375 8
376 12
377 9
378 11
379 12
380 11
381 9
382 10
383 14
384 9
385 9
386 10
387 10
388 10
389 11
390 14
391 10
392 13
393 13
394 9
395 9
396 11
397 8
398 11
399 10
400 9
401 5
402 11
403 10
404 8
405 8
406 15
407 13
408 10
409 14
410 13
411 15
412 10
413 7
414 15
415 12
416 9
417 8
418 13
419 5
420 5
421 10
422 11
423 11
424 8
425 11
426 11
427 12
428 8
429 10
430 8
431 16
432 12
433 14
434 11
435 13
436 8
437 11
438 12
439 11
440 11
441 8
442 10
443 8
444 10
445 11
446 12
447 7
448 10
449 11
450 8
451 14
452 8
453 8
454 8
455 8
456 13
457 7
458 12
459 11
460 12
461 8
462 7
463 11
464 13
465 10
466 10
467 7
468 6
469 11
470 10
471 11
472 13
473 13
474 7
475 4
476 9
477 11
478 9
479 13
480 13
481 12
482 13
483 9
484 8
485 12
486 7
487 11
488 11
489 8
490 9
491 13
492 12
493 6
494 13
495 10
496 12
497 13
498 13
499 9
500 11
501 9
502 10
503 9
504 11
505 8
506 12
507 12
508 13
509 5
510 10
511 11
512 9
513 11
514 10
515 11
516 9
517 12
518 10
519 13
520 6
521 9
522 8
523 11
524 9
525 11
526 11
527 15
528 11
529 5
530 11
531 9
532 12
533 9
534 10
535 10
536 7
537 9
538 7
539 9
540 9
541 10
542 9
543 14
544 9
545 6
546 10
547 9
548 12
549 10
550 10
551 9
552 7
553 11
554 11
555 8
556 10
557 8
558 7
559 14
560 12
561 9
562 13
563 8
564 13
565 9
566 7
567 12
568 10
569 10
570 9
571 6
572 7
573 12
574 10
575 11
576 11
577 10
578 7
579 8
580 8
581 7
582 13
583 13
584 8
585 9
586 11
587 7
588 11
589 10
590 12
591 8
592 9
593 15
594 8
595 6
596 9
597 9
598 13
599 9
600 10
601 10
602 13
603 9
604 10
605 13
606 10
607 11
608 7
609 7
610 6
611 6
612 12
613 7
614 10
615 9
616 11
617 9
618 11
619 10
620 12
621 12
622 6
623 9
624 10
625 14
626 12
627 8
628 6
629 12
630 10
631 8
632 12
633 13
634 9
635 10
636 11
637 13
638 15
639 10
640 14
641 11
642 10
643 9
644 12
645 8
646 12
647 4
648 10
649 7
650 11
651 7
652 11
653 10
654 8
655 9
656 11
657 15
658 14
659 10
660 12
661 13
662 9
663 11
664 13
665 11
666 10
667 10
668 11
669 11
670 13
671 12
672 5
673 10
674 6
675 11
676 13
677 11
678 9
679 13
680 10
681 9
682 9
683 11
684 8
685 10
686 11
687 10
688 8
689 8
690 10
691 10
692 8
693 8
694 10
695 14
696 6
697 8
698 9
699 12
700 6
701 8
702 8
703 9
704 8
705 14
706 9
707 11
708 8
709 10
710 14
711 8
712 10
713 12
714 11
715 8
716 9
717 11
718 10
719 11
720 8
721 9
722 13
723 10
724 7
725 7
726 6
727 11
728 9
729 7
730 9
731 12
732 10
733 11
734 7
735 11
736 13
737 12
738 11
739 5
740 10
741 4
742 8
743 10
744 12
745 6
746 9
747 11
748 12
749 11
750 10
751 6
752 8
753 10
754 8
755 7
756 12
757 10
758 6
759 10
760 11
761 10
762 12
763 9
764 13
765 10
766 6
767 11
768 10
769 19
770 9
771 10
772 12
773 10
774 13
775 10
776 9
777 10
778 10
779 7
780 10
781 9
782 8
783 8
784 4
785 10
786 7
787 11
788 11
789 9
790 7
791 12
792 8
793 8
794 9
795 7
796 12
797 10
798 10
799 10
800 11
801 11
802 11
803 8
804 12
805 13
806 11
807 12
808 11
809 13
810 9
811 12
812 4
813 13
814 8
815 11
816 11
817 9
818 8
819 10
820 10
821 11
822 14
823 10
824 8
825 11
826 13
827 9
828 12
829 9
830 11
831 8
832 5
833 9
834 8
835 11
836 11
837 10
838 9
839 11
840 6
841 6
842 8
843 14
844 12
845 15
846 10
847 8
848 9
849 7
850 12
851 5
852 8
853 7
854 10
855 12
856 8
857 6
858 10
859 10
860 7
861 9
862 10
863 14
864 11
865 8
866 11
867 7
868 10
869 15
870 7
871 10
872 11
873 11
874 9
874 2
